78
104
20
126
27
139
30
18
73
4
137
89
87
21
99
42
43
97
7
152
15
116
135
159
102
37
123
56
173
138
45
112
154
53
166
44
2
61
71
107
62
98
12
90
49
127
79
108
1
119
84
36
118
65
17
151
51
110
158
0
32
75
125
170
28
6
34
52
39
88
179
101
33
148
81
147
57
134
5
16
149
41
92
140
3
64
103
55
63
47
69
132
121
142
109
76
60
19
105
164
40
153
29
35
117
143
48
66
22
70
122
177
93
77
178
95
120
13
11
124
85
174
169
106
46
58
91
144
175
38
161
150
68
168
50
59
146
114
129
67
171
131
165
156
31
167
9
145
100
176
74
111
157
172
162
163
80
155
133
160
86
113
128
24
141
96
25
130
8
72
94
14
54
82
26
10
83
23
136
115
