686
2319
2132
643
622
555
1
142
1523
588
693
2487
1203
2146
2556
531
265
996
2381
110
1693
2753
1762
2162
2709
1104
384
2086
891
232
369
753
1829
1577
270
203
1740
697
2580
1494
273
881
221
1061
1605
143
540
1656
966
172
1126
2084
260
1531
390
1462
922
193
1502
1873
2655
1280
1187
1801
1123
497
1733
1479
1460
773
918
2177
888
242
776
1898
93
2484
2285
1787
969
2680
2572
2113
1624
2224
2306
1485
1475
301
344
824
317
1080
1048
1189
1827
496
665
1055
2743
965
1177
1390
2518
1597
1968
1777
1010
322
1540
732
985
1741
365
1935
1127
1758
2498
1250
1144
2300
2704
359
1446
2126
700
35
281
1164
1134
1122
416
708
2749
119
1695
1518
1574
342
2715
432
805
1108
397
2360
2309
1634
1000
1678
1246
775
1196
2445
951
1167
1486
64
2827
828
1210
1602
678
1487
1002
883
2008
1243
1411
2738
2482
790
1386
2684
1562
1393
1999
793
664
1734
1276
658
857
1568
2366
1141
216
655
57
326
245
1601
1194
685
1476
1466
97
410
4
1648
2578
227
1684
1652
825
345
1578
1861
1110
200
2123
630
723
404
2151
2042
1073
2199
751
2392
2686
1098
944
1352
225
1339
925
615
1405
1322
523
1131
1147
1839
1269
1493
1899
1014
2311
485
186
797
356
165
2047
146
2357
2236
435
2180
2391
1944
106
1600
310
1930
1676
855
109
2268
374
1629
1959
2289
1095
271
1392
148
582
1726
1239
2654
1916
778
2089
789
623
1030
261
771
1432
2187
1541
569
1544
2811
846
997
1887
2051
1735
2839
2441
2449
367
1913
350
1736
1525
2799
1975
552
1148
2587
1308
1344
1749
645
1215
1969
2154
250
69
635
388
316
460
206
2570
2237
1820
646
2058
2240
346
2519
255
1364
1420
2700
2641
816
885
1924
949
663
2246
2050
2660
2147
834
666
892
577
2561
669
170
467
2062
136
1614
1590
2329
2372
2852
1006
1379
2481
2648
971
489
1206
2859
341
1198
53
1424
2342
1866
340
1960
1488
2022
2563
1384
1766
2813
415
1365
660
1549
2451
2423
1661
1154
1647
2350
2854
529
286
2474
436
981
1566
473
1671
137
1865
2695
122
1231
2292
1940
2312
1429
2830
2729
1265
1397
861
259
813
105
2446
282
696
2002
896
656
654
1270
1773
553
1222
2327
231
123
2801
2304
212
1162
551
784
72
2612
1100
2173
65
650
1272
933
1745
2723
500
1718
2583
128
1296
1585
1139
968
2067
2618
1958
864
26
2244
2577
2593
1288
1455
298
1756
2318
667
1534
2389
468
1132
1438
1553
2334
2504
2533
448
609
1556
593
66
1064
218
452
746
2775
276
2220
2228
267
1871
572
1966
1754
1901
2345
441
1106
2625
2325
1109
1331
237
1815
98
2683
2125
2287
2356
589
1503
246
2782
621
1165
1984
2678
1672
711
919
226
135
2759
673
2442
1542
2640
833
2017
2222
312
1922
620
1715
1934
1660
1770
921
1034
495
2592
175
1738
1021
1062
2174
1914
2788
370
503
1256
104
2473
1188
2557
823
2115
1753
1997
2400
470
2409
1067
2197
1850
46
334
1500
1426
1751
1923
1658
541
472
114
1294
2762
2739
1286
502
182
429
2760
2145
434
2264
993
1821
1361
2231
2212
9
1281
932
238
863
47
1176
2546
1254
1045
1526
928
2735
631
884
2525
1952
1168
2804
1641
1086
1343
752
1145
1783
1459
2028
672
2428
979
2265
205
2415
2540
1173
1179
760
262
17
2213
633
1949
2450
294
1267
1739
1371
2053
1580
284
774
1140
219
2638
806
2824
422
2427
2005
1060
1121
1512
158
2495
849
785
1451
1380
681
1038
610
1625
1609
903
689
2810
755
579
701
151
692
905
1788
2007
2620
2803
2404
735
1036
2142
538
1704
1543
37
1970
1593
2270
1798
2780
2732
188
1292
1328
2646
1043
1620
2363
2077
20
1989
869
34
208
547
2227
31
442
728
2129
1474
1171
2691
1005
2279
1990
716
854
461
1081
391
1803
1274
2596
2080
1175
1458
264
1372
330
880
2109
389
1699
1790
8
2252
2417
2543
1235
1204
748
853
1410
976
2611
247
1747
1434
811
661
2120
1993
900
2548
873
1870
647
626
2090
2317
2874
2734
1964
2792
331
1232
1319
1027
722
889
1943
1158
1417
1936
629
826
2038
2043
1273
812
912
1603
2116
1536
224
1082
2650
138
2853
153
1317
2256
2215
2430
1804
1900
2378
302
1919
2544
1890
1732
2143
1834
870
937
405
1563
596
2020
2263
1315
512
706
2402
463
904
1428
2786
1449
2093
843
1988
2078
1882
2416
2083
573
130
447
215
2383
67
1128
1888
2037
899
2756
1473
1680
1037
290
1743
2653
1862
1135
304
1575
235
1283
1465
413
1945
1808
2426
353
516
729
745
2838
799
2635
1433
2809
1852
1722
94
2425
1929
767
754
1136
1085
1662
990
1842
258
2238
1917
999
1309
584
765
2330
534
613
1619
1548
309
2866
1818
2119
1040
1775
1532
291
1822
2876
3
2349
671
1854
923
897
1976
2156
256
1412
2082
2144
1297
974
2491
380
2282
2353
1336
1793
2674
882
61
2566
2516
2574
1207
2386
1806
1217
1995
2209
566
222
1425
2165
269
1654
1851
1894
332
32
197
1667
392
1499
1018
2432
1335
1700
296
570
750
393
1631
2204
244
0
417
625
1201
248
1551
2444
2283
377
2798
1076
1538
360
1321
155
720
506
931
924
2834
1539
2190
1954
970
372
1931
1017
1582
2250
28
257
1760
2779
2458
1264
1657
2253
2645
2833
2462
1193
1938
2751
1261
2871
1041
1245
1640
2532
1347
1186
946
1299
2057
2214
908
2545
1004
2569
19
339
1338
210
1537
1311
867
556
39
1516
1124
1849
792
1727
2375
1696
721
1407
1985
211
2335
229
2717
1515
1284
399
113
154
2742
51
2479
1399
266
2513
619
311
1107
1807
2245
2438
1472
1904
1172
695
2456
2488
2471
306
96
1716
1663
762
40
1125
13
975
299
477
2644
2774
2573
1547
209
2073
953
2676
1218
611
568
2397
1583
2136
1183
759
213
126
99
1505
710
822
527
2061
2091
1617
2211
1492
1705
741
1219
2711
2631
1120
1998
2617
1083
140
1972
354
1220
2321
1953
2564
1689
1883
1622
972
1510
2134
2046
554
2158
1089
983
600
1075
2862
1224
2435
1279
2633
1903
2514
2855
1847
2629
1554
1828
2692
2138
769
2652
2016
2258
1811
628
1285
2433
2575
87
2294
1409
1436
338
1599
1608
786
879
1564
5
2601
761
1669
1113
1902
420
1571
2668
1051
782
1692
926
1142
71
1149
308
2208
1942
156
1642
2567
355
1094
2418
657
845
614
1387
1012
2153
691
1886
144
38
2210
694
1334
2324
730
2003
2571
2478
1546
1394
768
2579
2856
45
558
1859
2010
2541
1698
2549
2845
1496
2079
1257
831
2555
535
2107
1437
2006
1927
2369
303
2112
1448
1385
2118
1359
1044
449
2647
2536
2764
2677
2192
2368
2249
1623
2087
2621
313
2130
1720
80
1119
821
1978
1129
491
11
2313
1197
703
1785
2515
2114
2499
1251
2805
2493
1356
733
2806
1650
1358
917
430
2781
1633
2472
2662
2424
1445
2161
800
438
987
927
68
2257
2248
2463
2040
1646
445
1592
1963
2530
79
100
1529
1709
2619
1278
1765
446
6
639
41
1772
1388
2568
1418
2675
1313
118
343
1422
2531
277
592
1795
2411
2164
1708
2485
82
2159
91
1768
1348
279
184
2379
2552
1757
348
829
2071
511
2169
1227
875
459
2267
1507
1191
2802
85
1611
2604
1838
443
1467
1470
2063
977
2194
1636
1907
2814
1710
2223
2651
2665
2528
2035
2108
1860
820
2502
525
2139
230
2496
1569
89
2817
1463
1596
524
2341
1974
518
2586
1498
1552
2745
73
1192
453
1208
1326
1489
2184
1825
840
1447
2685
1780
1090
1748
2673
469
2843
530
2302
275
2847
1137
474
2777
2796
1312
1621
878
2301
1337
2340
2183
1318
1367
2761
1576
1341
699
837
179
1809
2624
499
1013
2295
233
162
2388
174
1897
841
2464
1071
1717
1370
2465
1509
2483
2710
604
2872
176
251
1316
2672
2076
1199
935
1668
1891
2296
2092
325
42
1991
675
27
2179
2168
2399
2737
2336
1483
1802
471
2538
1781
1996
2511
2501
2688
2344
458
2480
2728
2539
2690
1630
1884
504
1345
2395
1009
347
2857
1761
149
292
1651
2822
2452
1872
198
288
437
770
1589
1057
2453
1961
2316
2727
352
1837
1213
1645
274
2272
1266
2271
2622
1416
2393
1869
78
585
1077
101
2293
2188
1764
2376
1444
1792
1024
234
783
131
955
1987
12
1093
1947
1724
2770
1706
802
25
1948
591
2233
1728
125
1628
2597
542
1452
2489
1659
858
2721
2171
1530
1610
368
2004
2846
1211
2726
2784
1881
2681
2771
2284
1050
2752
423
2598
1346
1248
2636
1520
2687
1794
560
1632
960
2157
832
2140
1721
815
991
2351
1677
2702
2148
2529
1490
2104
252
1059
1511
562
1184
2310
1857
1615
2773
1723
2052
1774
1893
2328
1391
2170
2367
2821
2175
766
1524
744
2339
249
1398
2370
957
48
2837
1378
956
818
2864
2373
1056
2848
1848
1506
426
2766
1598
483
1856
383
152
1020
1097
1395
1840
599
1649
2041
876
890
651
2380
84
618
624
559
2439
2783
2281
2021
942
2111
1307
2121
1786
361
627
859
2763
2772
2216
2679
1864
2094
1028
1626
2382
2291
1226
2403
1681
2503
1994
1528
616
1439
505
1320
2448
2794
2025
1495
2807
217
2610
1702
934
268
493
1236
2526
2207
2163
1885
1714
1508
76
839
2068
810
1262
856
2371
1867
2348
333
95
1670
2705
1816
1456
1613
2457
1025
1746
371
207
586
1260
2280
2470
1737
1234
2588
349
1096
2744
2308
192
1841
1876
2065
398
2698
2243
1482
788
2477
386
1046
1047
973
2440
2331
1683
668
2015
492
1817
738
734
2259
2768
1664
1277
1830
456
168
2150
1007
718
522
2060
283
1453
578
1759
494
228
425
988
1063
2657
757
2455
1906
1813
954
2387
964
1779
488
2117
2800
163
2422
44
2553
2758
10
1586
2447
2554
160
1992
1101
2410
980
1965
223
1190
1290
21
1982
2722
1268
1369
444
2576
2867
1031
2849
2437
2069
544
33
1431
2419
1152
603
2225
194
1933
1686
351
715
103
1271
574
1878
1612
2793
749
2
2277
1351
2699
1049
2034
1237
14
2823
1042
1956
2023
1504
1003
121
877
1694
1789
1687
147
1087
379
171
43
305
2868
81
2791
2671
1920
307
998
1730
1464
2535
1643
804
1355
204
507
2135
2064
145
2816
1521
1983
1910
2748
2733
418
50
2241
1514
1054
508
827
724
865
938
1846
2251
476
2001
161
2361
124
1023
1419
201
1896
2398
2009
1587
2013
1844
2320
2460
2521
2616
2520
2720
166
2581
597
236
1557
1831
2682
1323
796
1957
2560
2873
2785
2413
2697
480
1950
7
1258
74
2879
498
906
598
2029
321
431
894
239
2500
2191
537
2547
1879
157
1911
2703
1118
240
108
2537
2338
1707
2039
253
2059
127
1561
1157
293
1263
642
1019
1016
644
2185
2461
2406
2663
2362
357
583
2141
1138
2074
607
2273
2797
1382
2202
2049
2693
1440
601
1522
2102
801
2127
455
909
986
2131
2095
2740
1926
2193
1639
190
690
1103
2741
2819
612
1581
314
1967
1981
1955
88
1039
1363
726
185
1519
2307
1555
1480
594
439
1221
634
2757
424
2712
2055
2842
2719
910
2206
1212
77
2725
1584
1441
2054
263
466
285
2322
2589
1863
2637
1638
150
1155
482
181
2275
2562
1826
509
1074
1383
2274
2808
2337
320
411
382
2254
1293
243
2226
2099
606
731
779
2365
2056
2255
648
872
2031
1560
674
902
1072
2841
617
1159
2713
486
687
180
2661
2736
679
2787
2605
1166
632
914
2314
2707
1731
2494
107
2475
2408
2591
1310
2716
2203
1962
940
457
515
737
714
1340
1666
682
565
2407
1403
2122
1330
1402
2443
2235
2708
1366
56
2769
725
2509
1653
167
1306
1594
2286
1674
2820
90
375
58
1742
2070
605
83
2825
961
652
2666
736
2585
2828
134
1069
2128
2818
1252
115
220
141
2812
287
866
2155
874
2599
517
1812
2613
2454
886
129
376
55
1824
702
2195
1170
49
2262
337
758
1889
2639
1289
241
2730
1240
521
1570
704
510
1353
2815
2048
1719
1713
1305
1679
402
433
63
571
602
2229
328
898
1033
1389
2401
2565
1755
936
1032
2189
1832
1143
401
36
1796
2534
550
385
1497
2358
2354
1442
1247
1102
1858
2390
1767
1977
1550
2201
2323
1160
835
2750
1771
1915
838
2863
164
850
440
1833
763
2024
1535
117
289
2290
2664
479
1635
2239
1241
1912
2234
677
202
364
454
2075
2101
1400
1701
557
887
2512
2242
1282
1357
2507
1690
1673
2746
688
2276
407
1711
1908
2778
318
2701
952
1415
1559
214
2558
1810
2776
1053
2609
847
400
2584
1435
868
2689
1763
2522
300
1133
196
133
323
1079
640
2332
2789
576
315
1287
982
2305
1360
2182
742
636
830
2865
1986
1368
1845
528
2217
1058
1195
272
543
1784
278
1558
2731
2795
978
2826
911
324
1156
719
1327
2205
1414
1255
1921
381
2670
335
2200
2724
139
464
913
1178
2232
1105
1408
2851
2486
649
1202
871
1421
1776
2377
676
852
2421
2000
2667
1567
1527
803
1782
1627
2590
1332
848
358
1591
2167
2176
86
2643
895
2036
1579
989
29
1691
684
1980
1572
412
1182
2542
772
1909
1430
1342
1249
2420
564
1682
1325
1501
1070
1008
2466
959
2355
2878
2606
409
1461
2523
807
2149
1481
1468
641
781
173
1169
2844
581
191
1513
2840
795
851
2081
798
60
739
111
963
2630
1937
1979
1242
2468
1161
2374
2832
1877
2412
1905
2467
2627
1573
2476
23
2326
18
1744
709
2608
1932
1333
787
740
2359
481
1752
1565
1253
653
1595
2594
387
608
70
1973
780
54
465
2011
1151
484
451
1853
1314
1797
24
2634
575
2288
1703
2303
2045
2137
428
1644
2550
2642
2459
1443
2747
120
2559
862
1685
1427
1146
395
1533
2659
2018
536
893
1015
1836
1471
1181
1545
2607
1233
1375
1454
1799
2527
75
1396
1406
1423
2247
1065
590
717
548
683
546
2658
2632
2219
177
1088
1855
743
52
2877
1712
2133
638
1478
2044
336
2582
1951
1200
421
2696
819
1229
670
1078
427
1484
561
1223
2103
1374
2656
378
2364
947
1291
1035
280
962
1413
1918
809
967
2469
842
1939
132
930
1301
2626
1349
2260
1477
419
860
487
1843
814
2694
2278
587
1029
1607
2178
2160
2649
2266
2505
747
2221
1373
1874
2030
698
545
2669
329
2343
713
836
1174
817
1238
1517
2628
2755
2088
1324
1180
1928
808
1941
662
1052
2490
1604
2508
102
920
1130
2603
1026
1791
580
1150
1469
929
1697
1616
2510
1084
514
1111
1376
777
2032
520
2767
2066
406
1823
2181
1275
513
2299
2297
1588
2860
567
2347
2172
1637
30
92
2517
15
403
901
1117
327
319
2269
2765
2110
2012
2230
1225
1228
1099
2436
794
1011
1214
844
396
2261
2835
2106
948
1092
1401
2497
939
1298
915
756
478
2600
297
1618
727
1001
1725
2384
712
2615
705
2524
2875
1688
2850
1835
2098
59
637
2869
2434
2602
945
1230
1778
958
1091
995
178
2152
907
414
941
1875
2870
764
2033
1925
490
680
1895
994
2014
1971
1185
1377
2105
2352
199
539
2315
563
1303
2186
2027
254
1116
475
2198
984
195
2718
2100
1153
2829
501
526
2019
2414
2385
1216
1068
2405
2346
62
112
1112
16
1450
2026
1115
2836
1404
2196
2714
791
659
1362
1675
1259
519
1665
2790
2333
183
2623
1114
1244
2861
1300
2097
2614
1302
1750
549
394
916
2492
366
1606
450
1800
1205
2858
1350
363
1381
2124
2072
595
992
1066
943
189
2431
1655
707
2595
295
2085
2429
169
159
2551
533
2396
1022
2506
2706
1819
1868
1814
2298
1295
1729
2394
187
373
2218
1892
116
2166
1457
462
1304
2096
950
1769
1805
1354
1329
22
1880
1209
2754
408
2831
1946
1163
362
532
1491
