44
50
108
362
592
221
376
112
124
348
673
75
88
337
186
699
93
85
322
462
178
498
663
661
413
247
302
702
386
480
414
193
334
141
485
164
238
41
100
12
121
507
171
631
276
313
136
465
384
125
265
135
713
167
207
99
254
268
77
395
266
537
87
446
28
227
355
352
493
454
369
220
155
284
278
142
380
389
237
632
692
32
452
690
695
130
269
612
327
151
251
140
242
23
308
134
307
364
629
580
163
554
560
80
576
609
427
660
494
223
360
215
396
630
144
285
256
150
190
291
540
5
610
24
372
544
45
441
538
225
433
161
418
603
292
407
365
503
263
116
618
312
650
90
36
84
571
448
397
655
129
354
349
216
39
679
187
92
172
460
509
363
423
646
428
54
548
704
233
644
229
114
115
328
255
296
665
421
111
475
680
353
670
14
583
339
466
8
615
51
149
318
343
273
159
517
638
527
552
22
275
710
477
585
696
488
356
31
551
542
118
34
561
139
94
176
197
716
91
317
653
153
205
168
71
489
181
180
283
65
33
468
15
346
240
199
669
250
459
272
156
234
79
185
557
6
617
574
377
375
403
326
412
473
511
467
19
214
634
719
691
676
303
410
298
664
439
534
361
316
301
607
297
569
310
332
689
476
512
367
379
497
21
173
189
458
98
675
501
417
145
259
708
74
619
399
513
402
188
13
245
587
429
383
49
61
424
545
595
481
293
425
682
492
191
7
641
46
401
154
340
2
591
42
106
522
133
274
248
529
394
314
577
387
324
249
175
677
148
406
556
62
426
495
59
568
300
241
596
541
581
218
593
105
165
604
539
392
138
422
715
717
325
96
200
294
461
510
636
575
643
213
686
437
63
526
490
3
408
370
244
306
246
208
277
385
445
486
525
289
470
137
321
390
474
183
697
252
287
449
611
371
659
53
4
415
261
479
628
374
482
456
464
170
212
649
484
536
567
202
627
555
179
304
671
160
709
447
60
58
288
453
143
573
217
11
83
491
351
442
443
657
520
637
711
531
253
590
206
487
89
409
472
67
516
668
570
235
594
166
192
550
260
333
564
280
120
549
578
117
688
667
683
55
416
132
52
639
502
674
48
101
586
546
601
700
455
68
236
222
624
35
25
347
122
519
230
305
231
515
706
714
97
320
169
282
640
195
681
66
626
27
471
73
658
162
645
400
358
613
331
224
335
419
599
562
158
444
330
102
701
651
262
26
514
299
64
558
226
521
524
672
431
620
219
30
582
547
350
82
70
271
104
438
1
113
194
76
656
267
652
29
566
86
16
718
342
131
128
211
103
388
563
38
196
530
270
588
210
391
203
648
602
69
357
579
126
469
404
329
405
420
37
243
110
712
295
281
56
693
311
499
338
10
600
209
286
553
506
341
505
635
157
597
47
381
204
323
434
9
694
239
685
432
368
633
232
366
450
622
523
451
705
684
496
535
72
435
43
290
315
532
543
605
18
500
198
78
119
177
528
707
504
336
107
147
393
146
201
258
345
344
436
703
174
440
678
508
584
279
606
559
608
478
373
463
698
359
0
17
647
589
411
309
572
257
666
319
518
533
457
398
20
623
81
565
654
483
382
642
152
264
614
95
616
57
123
598
621
687
40
182
430
127
184
378
625
228
109
662
