1625
7590
110
7601
8910
4870
1622
10892
368
9525
10891
1934
3509
5368
10276
5818
754
831
2862
5536
3808
10076
144
3207
2688
2128
441
213
1549
7158
5994
4367
2795
10769
786
2803
6428
7879
10317
7138
10036
3487
2000
4601
11475
9357
1630
11361
6262
5200
8818
6575
8887
2860
5600
8951
1777
3214
1189
1389
360
3172
9843
11271
8533
3076
3250
8154
8150
9956
3531
6266
7435
2691
4802
9763
6830
4582
742
9229
10984
210
821
1154
10383
3928
4279
262
550
2015
4149
2716
3432
11346
1362
9306
1467
5652
10033
4361
6395
5903
9326
8629
70
1616
2895
1458
9382
8799
8160
2295
4202
707
2151
111
9391
1999
3713
3903
10480
3542
9532
2642
9991
8687
2954
2727
669
811
10816
11097
5474
5608
3370
5696
3762
1412
9576
3395
3496
11136
2460
10557
10460
6393
1028
9222
5273
2835
3442
10137
577
1966
6985
6938
6029
7615
8406
5507
7824
4857
2246
6112
9284
7592
3927
8761
3068
7574
7452
11337
10613
2620
6783
5953
9148
5127
7676
2018
9862
651
2797
4837
2771
6855
1689
7174
2516
9544
4678
7524
1892
2886
652
2054
2781
2884
2443
315
8123
1567
9958
2484
2317
2430
1147
9785
3572
5205
4049
3203
592
9390
8433
3460
9724
1430
5713
2314
4587
5424
9954
7116
11239
3584
716
4490
4862
4197
8495
4723
5259
528
5977
8722
11293
319
2004
8447
247
6809
7887
7960
6533
776
3579
3319
2851
8919
6547
6934
4921
6935
5276
6491
9310
6364
3021
1908
2507
6026
10018
6664
3079
10670
5681
8254
9930
2725
4945
11414
1195
645
10514
7226
8633
9180
7962
5705
344
9150
10116
737
1953
6580
2234
14
7539
2112
7685
6269
468
341
5234
9766
3225
6711
4889
5061
5049
892
5308
10688
1227
420
3898
7486
5930
1700
9920
2721
5299
1151
8865
825
2975
5409
5495
2434
9985
572
5468
10496
3934
963
10400
4226
2069
6974
9649
5037
5963
5442
8743
5795
747
396
3204
1575
8591
7454
1295
929
833
9309
9855
3198
2513
6087
11458
1560
6908
11024
5031
1335
9759
9169
82
2351
8798
9032
900
389
9554
1660
2945
9869
5722
3403
8022
3367
237
5734
2654
8045
437
995
1727
1479
8893
1137
3622
4960
7027
1001
4453
2910
3917
973
4897
197
8987
6883
6525
1940
10840
3318
4300
9926
9190
10913
5565
818
4372
11159
4250
8088
6950
6391
916
3350
9882
6282
4523
812
925
2772
2374
3452
3392
4583
2222
3017
9043
7848
2698
2411
1836
2521
5225
5917
1531
11268
5846
3072
1634
7517
9881
9473
4337
8481
1384
5391
6658
2527
11441
6814
10862
1251
7119
3342
2049
335
1421
10648
5156
6226
5865
3599
4441
8003
9018
1403
5051
782
9694
7179
5249
1608
4926
9451
8601
789
8558
7192
7197
9771
7631
4925
3192
2842
8898
4103
4297
1092
4166
6411
2774
9874
1970
3339
2963
807
10295
7820
6608
7223
1626
7295
3247
8142
7790
10543
6000
2125
8467
1600
2762
5179
8383
7567
5636
93
2703
7789
6585
6004
9598
2847
4413
7729
9023
2225
7083
895
4673
5862
3088
6422
885
6222
2628
6171
6252
10839
9960
9141
8610
675
3704
939
2333
1425
6723
2604
1401
11433
9698
1153
10472
3132
3604
9456
11352
8982
5062
4875
10094
10860
10857
6278
3078
9410
4446
3522
1021
1025
3952
3600
1017
5675
7996
2439
7312
11055
5560
1086
10313
1407
9440
8856
6871
2936
1098
1283
2177
10578
4718
6695
5274
5025
2502
6349
7641
5009
1267
3093
6315
11187
4686
1284
7270
6738
1906
1522
10516
7692
11395
3941
7198
8996
424
5900
8623
3813
1068
10655
5038
1441
4024
1819
6678
3138
338
10150
2504
6194
3081
7447
1807
586
9409
3332
3131
7044
466
7251
9602
10681
3790
4002
393
4074
3368
3048
3726
7002
7189
4454
327
10751
2304
880
1420
3067
2836
6693
2085
2039
5162
6461
7407
3819
3024
2853
9080
1231
1082
11301
9595
4360
6989
9697
6778
9266
3102
10032
5753
6053
10212
1462
11491
7519
1011
8493
2219
8013
3756
4439
5341
1052
7674
6735
3739
8619
3659
1563
8546
993
5012
2882
2559
731
6534
2290
3946
5336
11463
2756
10643
9035
9599
5784
7538
4846
5573
7188
9997
10799
2814
4762
3703
2063
842
888
10203
1768
2751
3920
9793
1298
6113
1161
3985
9448
4970
2926
6293
3169
2675
9211
9546
1962
6002
1390
5499
7412
1240
1143
6284
5195
8538
1489
1862
3449
2514
8301
3955
10329
34
1101
10836
7165
8883
6084
6166
11110
3658
9252
11135
2623
9605
4985
10693
9320
578
8394
5921
1973
6356
4177
9555
4179
4608
8459
6438
7909
2578
9515
2334
9166
4804
2104
5832
1442
1196
11115
3364
9685
7330
2634
977
8397
1667
7907
320
9488
9103
3557
9401
609
1198
4451
6758
10185
1621
2732
10504
5185
10438
2136
4584
2399
1015
4578
10859
7856
2785
5612
5329
8962
6444
5898
3257
5619
2266
2978
1150
175
3879
6782
4042
8721
4277
943
922
10650
3624
7528
2776
4619
6447
10246
6378
2321
3629
3213
10163
5141
3574
5304
9031
4917
953
9987
11415
4418
2929
179
2307
2203
127
8959
5417
1659
3438
3402
5099
5809
6653
10902
9212
4914
3161
2016
1552
4204
5396
7777
2767
5389
1331
9630
1263
1111
8822
2794
3678
1342
3158
5628
10236
2257
1844
10351
1963
3083
4352
193
5630
10053
6230
9247
11369
3564
7449
8848
5202
7240
11496
10475
2948
10580
9323
7923
6696
4690
10619
2440
5044
4491
8453
904
6149
9539
1084
10565
5176
10464
10139
4642
5580
2631
8367
1746
1878
3731
2320
2575
1947
7417
1116
10270
5709
6434
4568
11015
10350
5826
3099
5030
1697
928
6776
4080
4624
10845
10187
1471
9636
5620
9289
4531
6623
11052
10718
3742
2300
1721
5732
9563
2505
311
4121
9789
2843
5770
595
4167
4790
5995
1254
7210
2008
1276
10804
4380
8345
5707
8346
1838
3608
11183
2240
11144
6050
3644
1450
9168
9978
5852
2754
10596
4421
4288
4976
1603
1765
8737
677
7266
5096
10828
5255
3675
6182
1382
1496
5812
857
200
1302
3662
5902
9861
1500
5350
6180
5102
4153
1818
5845
699
8272
10626
4200
1449
9719
2370
1744
11481
3504
6258
9519
744
10164
1210
6077
5199
1923
2042
407
5806
421
4535
4084
7155
9178
4208
1912
8783
3373
10221
3746
6154
265
131
6654
8313
9328
7880
5023
596
1177
8098
5182
5964
4411
4768
11500
5937
9259
5833
8696
8913
5816
11288
893
6286
9995
2758
8520
10284
3051
8405
2475
3260
4044
2052
7505
4131
1596
4969
9139
3725
1106
5068
376
6870
2156
4163
6163
261
8035
5476
59
2593
9935
8810
78
2526
11306
7728
4168
616
945
1361
1688
9871
1856
8218
2534
4127
1119
11440
10213
5989
3040
5160
215
4707
1783
9866
1506
7819
6273
2748
1737
7342
10700
3419
10991
1104
5320
10801
9522
3104
4008
6324
6826
246
10340
8590
756
7808
2139
2976
844
7623
4609
10474
10678
2927
11019
2297
2090
4797
9838
2983
1063
1824
1285
8673
8539
11313
10976
9683
10082
10248
2447
5972
4474
8547
3576
11450
1088
10092
10685
7156
7726
6594
11351
9414
5649
4007
6960
2679
6798
9234
1691
3581
1829
3144
781
7549
5467
7727
9179
7366
2600
4823
1676
5760
8521
3349
10832
10898
183
404
4695
6942
605
4710
4638
1355
4029
4333
5335
5510
9905
1661
1518
3239
2479
5922
5735
9027
3702
9431
6172
10307
10267
8964
4495
3632
1816
6170
674
219
4830
2472
11387
6892
4459
5704
2678
11342
2644
2906
3173
6628
2757
6828
3699
6081
332
2423
2458
9641
2474
9660
3571
2854
7897
3393
6309
8708
1808
8230
5840
10005
2057
1387
402
3962
1623
5465
3687
7167
9425
1517
581
1757
4951
8532
5029
5498
4952
3995
1840
3863
8770
6707
3255
3556
5364
3545
2477
8113
5167
7683
5508
10663
1822
4120
6700
10889
8792
9782
10535
3727
1464
7633
8044
4989
65
7292
52
10173
122
3216
2613
8270
7899
1016
4398
2270
7586
4821
6065
408
2594
6546
339
6662
2395
7680
4184
5453
9586
4448
9769
2676
1033
8114
4390
10572
129
10885
4913
6267
5589
5491
10182
10777
9760
5756
3244
10944
688
6527
878
3932
4405
4442
5531
4736
3401
3134
7957
62
6841
8375
4738
10748
11114
1279
7321
4471
7184
10488
7921
11460
8157
9585
12
288
1102
2511
4223
4540
5913
3312
8456
9764
4555
4393
11048
8307
8102
3145
7497
4509
8735
8885
8836
9737
1943
3582
9079
4139
10536
1585
5606
1530
10354
58
7382
8137
10106
6213
1950
9558
6126
6673
1595
2081
1117
8333
3904
1544
5711
816
204
8603
10297
3820
2805
1951
9037
2942
8325
4667
7955
1946
1643
3491
3626
4500
7504
911
358
1696
5504
6470
10433
3765
11158
4683
4635
6235
9359
7816
10961
9916
2528
3526
6840
7761
1776
9856
4228
8296
410
9788
56
10058
3301
9657
3330
3978
8486
6717
9924
3013
233
7049
2038
2640
3259
6223
10165
351
10006
8857
310
1747
2573
2622
1645
35
3997
3965
6752
5379
6115
7660
2408
7233
10068
3643
6564
348
4687
5615
3152
792
9369
3884
7195
4357
2371
8676
3380
5506
1582
4932
4737
3174
4107
5623
3384
6903
1167
2824
6412
10672
8308
9375
6516
4336
9360
1398
1339
7386
1120
4622
5694
3775
9471
10176
1181
8312
8348
3028
95
9860
11191
11185
9422
7885
10492
5901
661
2783
9206
283
11345
5221
2381
6913
3828
3287
4425
422
9377
8020
1186
8829
7850
8937
458
6854
3269
784
1820
5948
3267
6380
9467
4997
2265
6684
10117
10869
4878
7238
4668
8528
3966
7048
6173
7488
961
9537
8151
9341
2459
2570
1638
9566
11432
1967
3800
8041
8963
3414
7391
2713
9127
4232
5828
5702
10201
3718
5449
9453
3326
9295
4743
4901
4978
8209
8390
6548
11443
119
4389
2446
9792
2375
4285
8118
6704
9476
2080
8966
2401
3015
5867
8914
2329
7024
8550
8038
2894
5841
3075
1347
5404
8926
5228
7537
5240
11198
2021
9333
11304
2250
5638
3431
10930
5761
3261
760
3803
1261
7724
4699
9490
7267
3242
793
9376
11214
11133
11470
11230
3314
303
3498
2002
8068
1018
4712
5990
10533
10037
9604
1692
4919
5377
3829
2294
9917
3771
1826
2097
10169
6455
7229
10978
7336
9442
3638
3459
9330
5151
7806
3195
3446
6877
979
16
11105
5028
8514
8560
3409
10936
5109
2736
5345
6876
8268
918
9002
2041
3136
10519
4293
2871
3033
9779
6451
2712
2744
7788
4514
2003
8993
9692
5369
5869
2601
6626
6955
4585
8598
5671
7021
8212
2517
10136
5445
5128
2366
9462
4682
8289
4338
4351
8033
2592
5767
6886
851
2562
8658
11039
199
4296
4856
7985
3969
2463
4769
1787
4173
9472
10023
2023
3815
8954
3818
5175
9717
1997
1922
10972
6770
3451
2987
6404
2496
8666
9133
4489
10850
4034
5854
9001
2293
4610
7077
703
6517
4860
11482
10183
3516
9436
11420
10205
4135
5325
864
2896
3236
7384
869
4648
2666
4415
2254
9303
4109
8697
2885
1858
2278
3822
6405
3019
8700
2999
5032
1540
4328
2558
2552
3794
3999
4696
6260
87
7480
8474
5024
852
3031
8932
997
10662
7931
1930
698
1360
2522
2722
7390
4186
7325
9255
4217
6604
206
8763
1798
3227
9353
123
403
6012
7998
4977
9242
7838
6936
1740
670
6001
972
4689
4203
10896
80
6675
1459
7242
10019
8164
2287
3694
5285
4196
6121
3322
201
639
3043
7521
8499
1791
2922
11126
3728
11493
6511
3759
7550
849
607
9927
6714
8717
3685
7182
7696
8286
11373
7438
1152
9482
286
8510
4656
7679
444
7926
1550
5982
173
3857
5793
6167
9044
4262
2618
1815
2637
7501
1920
3397
935
8542
477
4745
3106
2361
1707
2989
4660
3219
4845
2816
3652
10075
3141
8065
6619
6214
1393
6261
7602
9591
2207
1979
8625
767
280
2113
1036
10397
2470
1477
8055
7742
7708
4178
5059
7430
3331
2839
5966
9207
10583
6246
7280
3915
3006
2123
7562
8136
155
7060
10870
7313
186
10887
191
2554
6072
6773
3340
6144
4882
3063
5306
1729
211
2455
6301
10308
4032
3578
2876
7551
7571
9940
7928
3263
7990
9492
2340
4009
361
5378
1905
11192
7470
7673
9151
6334
734
3984
6092
2560
10853
7014
8607
5550
1075
4607
7983
3429
10372
2482
8805
7886
6587
511
2047
4766
3548
6426
3683
8362
4497
10312
42
7811
10013
3372
2138
3016
6571
11241
5614
8850
7500
3843
1322
5737
1255
7339
3288
3636
5373
8952
9909
10157
10291
7649
9852
11431
6330
5586
883
9628
7736
9461
6937
2883
2245
7939
10531
2923
7328
1672
2339
5133
740
4158
8235
820
321
7140
1629
1352
1504
8358
3961
71
4036
3500
611
1516
2296
5376
3518
5288
2098
9601
7355
1456
5592
1864
8436
2248
3224
9501
1644
160
10107
4904
1060
2189
2325
6624
8221
1292
7284
7018
7160
2687
7333
1752
5697
8726
4094
77
7275
8108
10562
5627
3112
2633
6815
6875
6827
6551
2180
2800
5046
4290
9273
4005
8357
8488
11383
6961
7001
8912
1553
11363
845
8832
11486
7634
6042
4462
10983
10361
9538
7576
7431
5223
5254
5685
10406
9143
10621
301
9380
5799
6759
9223
8290
4408
6336
10066
1749
5291
4604
4658
4241
2224
9530
5956
2619
1491
3894
1769
8567
5492
6358
2059
6480
8087
143
6584
8401
8208
9205
7681
2563
3186
3972
9643
9459
2061
5827
11502
640
4133
6691
3949
3839
7075
159
4611
1364
6039
1079
2424
8005
5716
708
5392
11396
5408
4035
10405
61
7638
5370
6344
2117
11513
4391
3870
590
28
547
10450
763
9959
7094
4807
662
4777
3717
4164
4274
223
3880
7041
8398
7752
8991
5849
4786
3665
5724
5089
2131
195
294
4347
3912
506
11066
5730
1233
9387
7966
9050
10306
591
3471
6464
8923
7378
2833
4669
8895
5181
4595
9740
4355
4516
11056
6119
1172
427
5782
8274
10471
8452
7005
5634
5965
148
6250
5303
2602
709
289
1248
7176
4234
8890
1925
3117
5895
9498
3475
10924
5430
5527
1513
1789
8315
7225
9339
2651
7375
7323
6361
9315
7979
8549
8324
4905
10647
4174
8967
162
3477
4124
3226
11386
10459
5134
8732
7011
4532
8650
9738
10630
4085
702
7055
7614
6107
364
6478
10179
10264
8060
6761
10214
5052
8973
7086
10701
634
5584
4771
5077
8830
9512
7131
7958
1714
7203
2454
2211
3130
10949
1204
6744
8138
10943
55
8416
3893
3859
6566
5993
3755
449
333
2702
3230
5860
7950
5629
5220
2770
2188
2920
3197
4873
2868
9463
4995
9894
986
679
10392
10694
109
2247
9389
3327
7115
3061
9116
988
10030
4868
7413
8505
2837
270
9795
260
6297
1242
9707
2185
4554
1125
6645
6976
6762
6971
3062
1370
9424
9947
8933
751
6179
3890
8135
8169
3908
4930
3722
4487
3850
10997
8101
10606
3109
6440
1038
7038
4672
1948
8978
10935
2068
1300
8803
4058
4255
4072
9733
3333
10549
3071
7347
4574
8332
1498
9807
1200
3768
2022
5746
9647
7963
3789
9923
4236
3750
6685
4525
9063
166
10524
7750
3361
4424
6408
9682
4527
5744
11054
423
10331
6508
2160
6622
10416
6920
6238
7058
5470
8224
2251
4039
1899
3286
1440
10787
8360
9900
4452
1183
10258
6320
8298
2438
1260
2478
4482
3176
8957
9047
7984
11022
11123
6649
11031
10882
9138
2710
1418
4191
3931
8016
11065
10080
6196
4626
7525
1053
1628
1332
218
10634
1664
8386
4576
1173
780
6387
4303
8248
9336
4663
3911
7050
7546
3211
11078
3544
207
2193
3653
3621
6435
9559
4573
3128
3234
8343
5006
923
8173
6010
10437
2309
7722
1329
8
10652
7866
5981
4320
10199
9297
6024
2273
8061
2067
3345
10062
1631
3772
8869
7813
5055
1756
1312
2888
11299
8878
10121
4397
451
8302
1572
1032
7363
4062
5256
7234
11087
9509
3979
8734
5763
1266
1057
6881
7987
11212
5088
7020
1731
9885
2143
298
5021
3200
7467
4941
5834
9104
7202
9561
7791
6607
5000
6500
7997
4924
2335
5949
472
4987
9621
3569
10970
4479
3387
5170
8418
2949
8515
1392
8485
8544
365
36
4152
3593
10118
3394
120
11125
5823
7079
4685
9709
1903
4000
10455
8014
10698
5427
3386
7859
3766
5802
5524
2220
11073
4399
4473
11008
10446
9307
1805
8166
4643
5924
3782
5307
5944
387
7352
9536
7097
3069
6549
8427
7818
1272
7516
6256
4948
242
909
9240
7022
11348
4822
9658
9269
8194
7350
438
4037
9428
1252
1134
6553
1898
9912
10391
3834
1784
4140
5440
5688
9392
83
2073
3029
9042
9256
5080
678
1191
464
9225
5578
10586
3787
4440
1076
6359
2428
3812
8597
4838
4938
6064
4691
4666
7628
6062
3009
2292
3654
7759
4048
3988
1353
3797
9748
8411
6047
3407
3155
7122
9458
2597
1433
2685
226
10497
6061
7117
5819
10635
1265
1969
813
4647
2488
10965
9005
4545
5111
600
48
4675
5955
565
2102
11160
4063
8404
2535
3513
6212
2731
2206
7393
2932
1469
4386
6610
9906
1492
663
9600
6111
6506
5676
2391
4192
1136
2988
170
4657
3467
3271
3954
4714
10818
9340
9061
9950
7194
1258
205
4818
7272
805
8393
7329
10792
10374
3465
666
10384
3191
2259
824
5063
4519
1988
5829
8853
3655
11283
2768
9655
7863
2658
4832
2036
1054
6509
5158
2846
2322
11093
2765
6209
1624
10715
11505
3193
5401
1868
1377
7
4248
4160
2544
5682
11220
3199
4872
4294
8361
3482
9863
6308
8771
10234
5387
2745
7557
9799
3430
5358
11215
9814
8622
681
8145
4015
11193
5115
8902
5679
4465
3002
7773
7971
8523
981
8794
3245
5874
8229
5880
491
4899
6880
9569
5125
6051
5936
1524
4606
3830
5323
8364
10537
4142
11260
1307
2242
6562
2529
6137
8556
9531
1380
5074
9972
4040
3930
5927
8936
10806
5610
8663
9527
1652
11263
2892
3201
1743
3358
4287
2775
7289
797
6369
3620
11310
9783
1545
10767
4387
7254
8997
727
10452
5019
2249
7446
10695
3853
691
6595
6452
4783
134
3418
2830
3221
8494
5810
1719
5232
5690
7261
5728
1580
1445
9051
2384
3441
3989
1799
7398
3235
3115
2645
11178
10817
3878
7769
10268
9493
5253
3885
11435
8034
362
7296
6788
3228
11255
8605
6671
4590
6991
1318
4104
9160
7092
2996
8841
11417
6699
4778
8846
3140
10834
4511
7019
5183
416
6215
6698
8238
8875
10286
9196
9897
4280
7460
2410
10813
1793
3270
7177
6479
1416
6130
9745
5067
11213
5490
3464
8217
3444
1706
10465
4791
8631
4067
6097
1124
3937
1099
4679
9671
6722
7797
614
10072
1586
3281
9836
2840
7402
3854
10835
3823
9829
3865
10326
10357
8428
4327
10974
3958
5837
3018
10052
8291
121
4315
4918
4876
5034
4138
4567
8971
4235
8617
8764
6736
10363
6729
1739
8225
1444
5988
2990
11041
8395
1149
11040
8667
11134
9167
3592
4867
2858
3867
5319
4041
7700
11298
2834
4775
51
3869
6941
4652
10726
214
10599
7878
1837
5893
3669
7093
5703
4115
6397
2126
11245
8299
7917
1781
6660
442
10089
7503
4050
10273
8175
10012
5859
917
3670
21
4990
8612
10441
6493
7698
4306
6721
9804
10247
2632
426
305
8753
4787
3846
2825
9967
5633
3066
10382
7871
2865
3294
2970
1972
8484
11057
9796
10956
10423
4151
1684
4083
7241
5144
4436
5640
650
3951
4100
6906
1221
2380
5361
5121
4533
7043
3262
7739
11323
8462
3390
7172
5670
4890
7900
11494
2377
10323
8586
5821
8931
5985
4433
7541
5951
5266
8341
5591
1698
1812
9317
2305
2743
6802
4824
1772
1287
9024
3723
4478
7608
3827
6945
3126
1828
9280
508
3919
2733
7318
2565
7890
8969
5054
10335
2587
11392
3455
8881
3882
9791
637
6151
3268
10294
1573
8739
6579
9003
6732
4422
8543
5
6618
5017
10506
1484
5607
3166
3156
5086
8019
11394
4093
4227
4403
6933
1827
3111
610
2301
6037
10131
6810
9913
4110
7929
8742
5626
10385
1374
369
10687
2163
7246
4569
4423
130
2911
9674
5297
10421
5085
7334
9503
3901
6184
7711
7380
2649
3639
3391
11385
11371
5243
4505
11020
594
7215
8415
5617
5129
8409
5876
2873
8056
10759
4221
8132
5047
2697
5296
5107
3641
6099
7600
10522
10790
11495
552
2588
1611
1974
10942
10594
11350
870
7825
5568
5090
2115
2229
1074
6117
5119
6728
3489
3082
6639
584
6458
6031
7100
903
7648
966
9688
933
4884
9152
10612
7418
6156
6006
6396
4827
11401
3779
92
11354
8283
8231
982
3113
1924
3676
3505
8246
826
7335
6202
1314
4959
9262
5773
3806
6101
9015
7150
4719
460
11084
1365
8287
6448
6861
11172
3497
9075
6656
4589
474
5637
2859
6339
6088
467
1085
3237
8986
3720
7243
2681
6780
1109
3851
11027
8226
5157
9046
10555
913
1280
2276
6749
6518
3537
10436
10439
694
8634
9161
8176
6818
400
6844
5916
5710
1887
4649
8695
6417
2378
5731
9547
2991
1762
7908
2494
8762
6052
8432
846
7730
3316
7703
1955
1453
6217
7351
11508
8812
1801
9616
8306
949
2231
9447
10063
5112
8156
9411
7343
9758
10290
7074
4092
10585
8728
4006
7809
10967
974
2993
5554
9466
8365
3517
6161
2971
11074
4586
4375
5957
10336
6606
9056
5820
10900
6327
6475
7792
6237
1520
11096
8723
5926
3656
7853
11309
2198
5543
5227
1165
6229
9729
5431
10867
2787
5706
11374
3801
1855
75
6504
10404
316
7533
5567
39
9073
8844
11092
9846
3740
10893
1488
3785
1064
8872
2019
739
886
8152
3103
7716
5060
10086
954
7556
9902
43
6071
5078
3094
161
5124
4757
8326
598
3650
8086
4343
7153
9921
7509
4593
8171
9048
5071
5500
5385
4730
6753
3777
817
10822
9533
4684
11291
10863
8131
921
10486
11480
5459
4171
10466
10638
10341
4185
5548
6296
2903
3977
11167
2749
5104
7458
1338
3814
11300
323
10394
617
9504
2286
10946
8559
2010
1245
2802
9639
9575
8867
2737
3196
10245
6895
6322
2611
2826
3383
5346
10768
7367
5444
1201
3049
10530
6600
5505
9969
1959
11043
7896
3563
8754
7922
6997
3856
4820
6605
8279
10899
920
6923
970
10073
1635
5752
11292
11234
8127
8572
3792
10360
5674
6948
5888
5602
7421
4887
5356
2672
1647
6187
9430
3664
706
4575
354
3546
9136
4409
6015
4420
3615
10764
7451
7851
9781
4512
4869
9134
3793
7491
2147
6200
7369
6124
6774
4670
6574
1503
7740
9091
1526
5535
7466
3913
8069
2338
2441
9418
4979
8571
2218
9915
2523
415
3712
488
8800
647
8479
10554
4931
719
454
994
8692
225
2402
768
7106
3086
1937
1157
8766
5655
5596
10877
1642
2331
9419
322
4484
198
5691
10333
2752
6150
10914
7394
4198
8183
2210
7039
5539
10081
5353
8772
863
6141
965
897
7193
10541
8293
445
6104
37
9292
6967
9398
2473
5693
6505
2192
8901
7951
1225
2705
4779
8643
907
2420
8847
1042
2223
11413
4521
5116
3614
4438
6148
11453
10737
537
9155
10084
10274
5257
9567
1419
4396
9123
6521
7102
3087
7136
1547
5787
6341
5313
938
7782
4518
11424
10148
3298
4214
5311
9396
2571
4759
2355
1854
10112
3715
8337
7531
5597
11102
5053
7090
6329
11295
9608
4594
9251
2908
7222
502
8311
9751
2407
1275
3456
7183
69
6725
100
5293
11514
1310
5091
7315
5698
1755
5738
2359
7564
2462
10573
10897
2857
4934
17
621
3217
5317
7695
3724
3032
9684
3738
3743
4785
7802
4384
3553
5447
8725
11103
7469
7670
2324
10757
1918
7307
8624
11182
3963
7078
6625
5130
10101
10716
3559
10000
3095
3297
9449
6737
3982
1123
6526
10435
7639
5397
10772
5123
10905
7371
5412
6999
10145
5720
2809
1599
112
4213
6066
6726
1604
8851
7815
1243
8201
7151
10754
4641
4895
2285
7663
9319
8265
6990
7671
1874
1839
6597
1890
5375
4947
8759
1983
7485
7891
7365
8399
7969
5026
9928
1330
4814
4308
7489
860
905
5416
4928
4788
3580
10415
2497
497
7397
5940
7057
518
589
7756
8309
5870
5407
4579
2389
6677
4220
3845
6894
3422
9626
10994
9164
10645
220
1527
7717
10855
6771
5991
7620
5106
11009
2893
1724
10300
8256
7518
7327
11461
7840
735
10958
167
8403
136
7268
2045
3315
382
8077
8445
697
8051
1877
5481
4703
8381
4324
8540
440
9556
5213
9755
9342
5932
7416
2912
8259
3434
8504
1655
6676
7271
10444
2543
5338
10926
8363
3907
10503
66
8356
3209
9149
8448
2879
3474
9270
68
3886
3838
9195
7523
2216
2866
847
7758
7573
8359
2714
8589
45
3114
9907
6263
8099
2194
9505
1929
4537
208
3045
3285
1702
4592
8275
8756
6615
5514
132
1584
9388
3215
9009
7230
8574
11472
11221
10364
4774
2643
4292
10827
5374
2122
1037
9887
4770
9370
8021
5850
10616
8992
4662
6496
10927
9363
4742
7286
2856
2493
5851
7471
10875
2491
86
6216
6552
2763
9888
9693
948
1850
2561
6702
5142
10253
8473
1677
4858
7741
8049
8094
1704
3303
3365
10776
9581
8252
9176
631
4698
11049
800
10396
7428
5648
11207
4984
557
7579
7678
2486
7617
7647
6429
3406
8871
4773
6299
9774
8507
1359
239
891
10038
8475
11318
9747
1800
11174
5354
6545
7925
7770
10558
1044
255
4829
6666
3004
9687
2183
2890
1843
3895
741
4305
1354
6108
9672
1528
9372
5454
5169
8566
4834
2537
6133
3162
4379
3501
5122
9400
4565
9590
1598
8637
4458
1129
259
556
2
9439
1246
8460
2487
10952
6376
9407
7830
1115
6160
380
9594
10293
7868
8090
7423
9506
3701
395
6003
2354
6912
6335
99
7506
3139
732
9076
11252
10682
10906
370
5261
629
2951
496
9057
5669
273
7403
9853
11240
8935
7581
1745
4412
6956
9435
7405
3874
1939
8789
10563
3463
10783
6011
6567
2471
1461
4598
10803
3598
1610
2861
4508
2844
7684
4886
4994
1062
4999
11246
10550
8075
8824
3275
11042
25
11146
8828
4317
1005
7823
680
5314
9553
5544
7063
2181
9088
8786
4335
2694
2726
6466
7702
165
10105
828
6410
8067
4815
7232
3085
9274
2964
1568
4659
138
9335
912
1711
6078
3499
7884
6849
3554
10252
2953
676
8796
4908
5646
8808
9300
8777
10912
5894
4750
6485
6885
9119
4700
10181
4070
5238
9691
6228
8985
8648
2029
1715
6561
11156
4621
915
8213
7753
1782
2116
9237
5740
5978
1301
7453
3645
2433
8826
6123
4538
4457
10676
8285
9404
10714
5168
3925
1869
2952
1309
6312
2426
575
10401
1408
9936
7376
5262
168
5571
4010
2205
5743
10414
7583
726
10501
9106
1889
919
9261
4547
6544
2630
540
91
8011
9248
194
5896
8046
4692
10556
576
140
6043
10059
6041
3291
8834
11377
6067
5337
1019
1519
924
4013
189
9181
1334
5786
7127
3922
2344
5441
9065
9140
6096
7054
4640
10389
7594
5482
2343
3744
10601
8223
2326
47
6916
2540
1980
10275
6018
1613
9373
3596
5683
4709
429
7862
664
4961
1066
7624
2100
8147
1964
6746
7993
9090
5887
7691
11211
6382
2349
1217
8980
8508
2728
6277
8948
487
6986
8868
10646
4799
11319
1668
9518
6477
6665
2652
8240
6929
1949
2035
10811
2974
5340
10320
2700
7764
5897
4560
872
9500
3243
6510
10262
8181
11250
296
7699
7511
11358
7895
7954
6492
9154
6569
1653
7499
10491
4596
5318
1208
1059
2235
1507
769
2096
10175
7817
9421
9811
3761
11454
2310
914
3705
5776
1764
3480
7263
3998
9186
2308
6781
8121
1155
9704
4065
5762
11107
6627
685
5097
9815
7322
3929
1605
5363
4334
1035
1323
7170
5542
1351
6321
5312
6460
11372
2490
7846
3855
9705
5295
434
5040
10327
6524
2967
8097
6271
6926
6325
3617
523
2782
4966
7800
2279
4740
1055
8511
6401
4216
3541
899
2625
9241
1236
8180
5643
8497
11326
8100
7235
3180
5219
8155
11314
7920
2780
10755
8387
5230
1474
4639
7637
7450
8489
7098
11180
10348
11407
3747
8884
3273
10483
9523
4507
10358
5147
7051
10305
11438
8719
10332
7128
9847
2907
8043
1397
9502
4811
9970
10542
9049
9412
4848
6647
4261
7069
10963
6900
2330
5668
3056
4114
10534
4368
11402
2750
10301
4964
7944
11201
1968
778
6897
9017
8647
7159
8074
10622
4654
7934
10667
6530
10528
5101
405
5428
777
3607
701
2031
4816
8237
2769
5672
5759
6813
6205
417
4900
3057
1169
8464
10821
107
6016
8446
5022
1795
10347
5566
683
7916
2838
5043
6560
5980
6363
8897
478
11467
8189
3027
6449
2821
73
5120
1118
7360
3695
158
8827
9304
3256
3055
5161
5563
9833
7495
456
1499
24
6563
251
10544
5108
8930
11384
6947
755
11449
8062
10216
6257
1020
6379
473
102
5805
9230
10697
7972
7481
495
4664
6519
4463
1511
6128
10261
6766
5645
8873
11225
2129
5588
6963
9362
8107
9070
10061
4883
8581
9635
2878
5110
3981
6522
2577
656
8903
9224
5962
9216
8278
6994
10244
6630
5155
6249
5394
10593
9334
10426
10410
5362
4325
5754
3630
908
9361
2567
5789
169
8271
4154
10744
433
1003
7475
1566
2500
2298
4526
11321
7091
8768
1348
785
6120
6835
6174
4427
5532
10805
1222
147
8468
10641
5800
1718
10923
2012
6288
5438
7882
1030
8882
11033
11184
480
10725
6742
9457
363
9483
11347
8905
9299
743
8078
7171
519
7779
9321
1446
4946
9128
1682
11341
6611
1235
7548
10866
2790
2175
10938
5281
10143
3232
1699
10077
9813
6430
7803
9102
2101
7071
6333
6995
3185
7629
941
6694
6270
4210
10809
2819
7040
6218
4553
10056
5190
1773
3862
8193
5605
9718
8422
9385
11412
7864
1505
635
2518
6198
10070
5884
5577
8570
3973
871
6365
10659
3688
8983
1859
5871
2811
2638
3595
1473
2950
10271
5729
49
10712
10298
4428
282
3317
238
3519
2711
11456
3328
660
4060
7835
5455
6757
4492
658
5943
10215
4046
10894
7009
4496
3657
8670
3597
4763
340
11121
2955
4833
10615
6842
5057
10280
11284
8339
8177
8934
3805
8613
5912
8527
5415
3684
8211
6902
4765
5557
5461
5388
11219
9379
9013
6298
4095
7568
3060
10686
10015
6777
367
758
10103
7144
1431
2342
772
901
7822
6603
7291
7812
3025
3493
9742
8413
10223
4949
378
7137
8126
1288
11154
5611
1130
154
9245
3289
867
11232
10677
8128
8861
9423
10847
10980
4239
1357
10315
9098
8076
125
6690
5751
11005
8122
1043
6734
6419
4597
4557
5386
5538
4117
7585
827
9192
330
8106
11316
3562
10609
1833
1472
10575
10696
7704
9603
1040
2668
1286
10824
8802
8506
3876
8084
7067
3005
10730
1422
9614
5265
3551
2796
5033
419
3133
9713
10814
10605
5166
766
9929
6013
2169
9948
4017
3710
1078
96
5783
10841
8854
1607
2807
6889
4795
476
7031
6159
2900
5003
5045
9078
9551
6437
6413
7356
7720
7277
1455
5879
5406
4731
8852
515
5512
411
2237
6806
4637
10724
5497
10830
3796
2777
5979
6307
5347
5575
9366
6093
9786
5835
4936
7591
9327
5970
6951
9285
11257
6556
2043
4215
1736
7028
6165
10260
8795
118
1108
9593
7912
1865
7709
3916
11171
1008
84
10050
7341
6789
11364
11366
9541
641
940
7004
2262
3764
4789
7096
6189
8752
7749
5184
11218
6142
3205
10299
6682
8907
3848
5390
1212
2591
10399
4012
3864
6539
5983
2662
7829
6720
8994
10227
9526
4728
3070
10132
8642
7781
1891
7082
3220
6463
2519
549
6058
7368
6132
3073
10263
8908
653
7903
4903
10456
10029
5048
9107
11236
3026
3923
113
887
4466
7883
3123
4089
1113
3292
1094
3
6135
3098
1848
7419
9058
3359
6748
2236
10588
2397
3080
9584
1921
6581
4407
4199
10349
4283
8845
3733
5513
1216
8260
4276
3700
9668
10786
9209
7287
4128
3101
6966
1184
5769
1541
1007
3953
10409
7995
6820
6558
10035
1681
4927
177
3425
968
1220
11106
1356
2880
1806
7943
7186
4282
7994
7872
6474
7861
7224
9828
4506
3488
11150
2119
9349
11335
10526
8457
9662
2510
6476
217
4383
7580
10041
5131
4864
1096
8371
2083
9460
3996
2706
10043
1081
6285
717
4018
3077
2363
3707
6017
106
2114
2609
1327
5779
6080
9267
3124
3550
9480
934
7662
493
1249
7655
2553
8331
2217
881
11510
6833
2368
7794
290
9689
11119
8709
9686
2957
9676
5950
5686
1594
2596
9756
8297
8599
6367
4157
9100
1369
601
9695
6839
7468
10109
7543
7032
9074
4981
5076
4136
10982
5733
10975
10427
9446
10932
8199
2130
6751
2053
7068
1728
791
11305
1320
6134
2624
10861
3883
8419
6306
9708
9095
9275
8537
7664
11003
3721
10917
10741
1614
6036
2583
7173
4374
6954
9752
5739
7821
4254
391
1447
9679
6420
6811
7135
2319
8082
11328
5248
347
5165
5001
4155
7992
8482
8391
10819
4636
3959
4031
9129
10178
5018
10766
1072
3399
7604
1641
6930
696
4078
5139
10289
9878
64
6538
9197
7302
10104
4373
1346
6075
6515
8526
9231
8681
2889
7743
5788
6767
5997
9580
11324
4030
11071
3020
10011
4556
10954
2692
7395
6074
11307
6972
8602
7612
257
5843
117
9877
8340
8712
9053
9311
494
8806
11197
4893
3682
7877
9640
9126
11243
7276
7991
4953
5423
9383
1723
10287
8892
2701
8054
8251
22
4866
4534
6613
3348
3351
7646
6514
6019
2466
8241
8512
485
2677
4402
3980
6843
10079
5639
9570
7381
7191
5209
3320
8758
2683
7163
1171
7256
386
1121
4195
1774
2569
4850
9552
2133
9475
10633
7309
1742
5885
3791
10617
9329
9589
3506
5781
2576
3044
8029
4394
5302
957
5971
6143
6543
2786
1588
3008
6772
967
9213
2453
9968
1012
1224
181
10921
10155
5082
10918
4761
7622
5357
1454
9220
10430
6804
2393
7406
67
4365
6646
2385
343
1105
1476
10940
457
7331
4528
11397
4219
9617
11233
2086
8476
10553
5712
1883
3606
10356
6352
2867
9188
9573
1879
8277
3986
5967
9276
3538
6385
249
7017
4618
9477
1615
446
8564
2352
2137
9059
8503
8947
3253
910
10296
6634
4025
5844
1483
8178
6468
6418
8458
1437
5719
471
8677
470
10324
6878
5817
6008
5343
9218
2930
11280
3831
9775
4962
5411
7392
2078
8968
7125
7911
3436
6727
10722
2515
9093
4562
1427
137
11132
10765
9470
4363
4455
10003
6366
4894
6701
4170
9464
10729
6982
1811
312
1250
673
4704
10237
9494
326
7547
9699
10538
11367
8352
1753
1495
5403
9511
8047
956
9949
8831
5485
307
7104
11338
6616
7187
7214
9810
8350
8972
8063
3628
9749
431
8216
2367
8656
1372
5857
104
6244
6904
4888
9661
8430
10728
190
1958
8373
2897
1919
7776
6264
6181
9821
11418
2241
11032
6186
1226
4069
3445
3272
2898
5892
3964
9184
5947
2848
4836
7389
8140
10235
5315
11023
2191
9290
9879
4417
3190
7089
5300
6939
2489
10424
4780
9880
4693
876
10230
2167
7061
1984
7383
1083
4781
10964
5858
9142
3374
7008
8604
3690
342
10579
5215
1971
8227
2674
2545
9934
2170
5011
10673
8595
2603
3858
10623
11204
558
8188
3992
4364
97
1658
1914
2174
1366
2972
5931
9597
7059
178
11452
8052
2034
3149
6038
10318
955
10417
6512
2684
10140
4891
7219
6909
7745
5952
9022
7852
6874
7262
8814
6918
4612
11287
9153
11272
4591
6689
9670
196
806
6338
8250
7396
7133
7046
1423
8767
551
6724
9964
9432
543
5946
3090
7697
10322
7377
6386
10668
4983
7456
6882
2704
5309
8864
10209
8376
1863
10204
9629
4843
8716
8989
9487
7710
3050
2431
1662
2877
6389
6741
11127
7109
11357
3535
4916
4016
579
9441
245
4212
4122
10671
6631
3612
10078
2288
6098
6044
11080
672
8817
4099
1867
10771
7970
9734
7978
7434
8675
9659
10595
10249
962
4767
7919
2124
1294
3355
1131
5268
3125
6095
10532
9484
8594
10238
4201
9314
10584
8568
6754
5252
10618
6439
1720
8239
971
6716
287
4370
6190
6554
401
6197
5439
574
133
4974
8724
6943
5594
809
4623
749
8529
4162
585
3448
7847
932
6718
216
3462
3871
6313
1428
3468
8207
11082
1761
6686
8835
2708
3089
3353
6862
10069
5689
10856
10168
3833
3492
2350
7213
2046
3729
5270
3527
532
5286
3030
8396
5768
530
10071
9367
8606
5194
10922
1457
6520
3494
9182
9007
2476
10702
9086
10993
8955
6465
6291
7012
10788
3279
6459
9203
11200
6227
2088
8691
8384
7080
8400
353
8130
4805
2132
8336
4087
4877
10477
6027
9165
4043
1710
4792
10597
2680
5217
7147
1651
373
7687
2572
4810
5380
11269
4404
6473
1381
3503
2595
11190
10314
4189
6592
6204
2269
5861
6110
7849
11177
6136
1002
7181
7064
11061
10485
10193
10149
10087
8196
7301
4940
9903
1886
2345
1732
4206
10709
9008
8863
5250
8746
4615
6328
5292
2040
7364
3143
7496
5222
406
9081
4722
6116
10548
8149
10797
2968
479
814
5020
2555
6825
4125
483
5534
8032
7283
6657
6355
4388
4321
1199
2739
2524
7536
4705
1717
1913
11355
9754
4469
8257
1303
8134
4102
4445
3411
2263
9632
5239
6456
8651
8596
8517
5998
6454
2947
337
11308
9651
7915
7445
10342
1023
2966
638
1135
6715
116
11086
553
11151
7200
7161
2792
1013
7293
8838
3561
7035
5520
2997
10947
4076
10021
8939
6457
8906
10957
10706
10442
2255
13
1767
9374
11109
5523
6436
3795
8370
8261
10362
11077
8222
7016
4309
7385
4796
5501
9028
10434
3642
6635
5757
4141
6445
1122
9036
4392
7805
6103
6433
6232
2386
5778
6486
8492
8628
4159
894
2532
5263
2627
890
10661
6195
6483
7515
10195
2089
7798
11504
10085
3753
8984
3625
7765
1429
10428
7207
6669
4432
5056
11389
5187
6572
3770
11409
7205
8577
9054
8999
2209
7149
1884
4302
10510
969
6225
6513
8266
9625
5856
9823
8372
3532
5877
7508
10735
7767
11333
6208
8593
4732
4001
8680
4090
561
7298
9557
4522
6681
644
4923
10873
1174
5466
6637
2379
2650
1617
2155
6407
8736
1978
6431
1687
6453
5551
2982
11362
10742
7236
4342
4341
8652
10278
308
1133
7611
6643
2007
9386
4108
1399
7669
3417
3440
10210
1142
4113
1944
3357
6127
2548
3709
11379
10988
7190
7101
6450
7239
5330
5775
6807
9082
9702
5100
9549
9582
1618
10494
11442
9227
6784
9499
6350
11098
11339
6708
5595
8787
11142
7952
2995
1512
2617
10513
2801
4377
3490
7030
11228
7357
11336
1570
7762
877
1894
8342
1515
3310
325
10373
4298
1282
6617
9113
4880
6311
6674
7948
425
1632
10559
642
7180
1218
2723
9415
2311
875
2456
7310
7578
9732
6487
11229
6927
9137
10328
6969
2810
6542
3811
7668
3065
4314
7139
1494
5914
7399
2437
5537
8292
7582
1910
613
996
1482
11237
1701
1273
8618
10529
3832
9513
3183
4176
9352
5251
545
5014
6750
2190
10153
9060
7126
2048
6856
3674
548
0
6786
9805
3238
11498
10390
9291
10002
6796
3042
4307
6152
11046
11116
10054
9578
1897
2044
9746
9937
4751
1847
5726
2621
4735
8344
8243
10864
11275
10602
722
6797
5910
1009
10067
7937
11325
7253
9249
10520
7249
3385
3266
4161
1565
11169
7975
503
856
1896
6183
231
2261
1247
3732
7326
7999
5576
10708
3976
9177
2461
9201
9305
5164
11118
2788
8876
7066
9618
1268
8490
11149
8702
232
4680
3164
2392
9117
7148
4968
2539
7933
5701
1986
11515
9802
10826
3052
8953
2232
7682
808
10523
1405
9529
5005
1047
11425
3323
10895
7828
714
7974
8654
10188
2998
9281
10128
3844
4476
9750
7651
9343
124
9183
9115
11090
2214
7935
3413
11448
9496
11281
8747
6817
7783
1340
3299
978
4851
798
7707
9644
10710
7387
10208
9325
6996
3274
6523
10631
8402
11286
6069
3074
8563
7006
1095
11075
11253
6192
6406
7786
9194
510
1587
9122
7379
1234
6921
5348
5525
8139
3252
7719
9543
4410
606
3634
379
2121
2590
7904
8153
3258
2429
1759
10720
11400
7589
7854
5798
2244
2087
5084
7640
8083
2264
2013
6559
6243
4416
604
5790
10837
2581
11051
10664
9845
7036
8672
3047
11473
1426
6045
3400
2091
30
829
2280
1683
5355
7228
3481
9858
2348
4406
2549
1809
7168
7274
2252
3388
7346
2492
2448
8924
5242
9859
4563
9865
3011
8715
2302
9587
10024
10608
3754
11398
7956
9358
9282
1485
9096
7630
292
10302
5599
9583
9120
8228
10095
4271
10886
8036
10564
9158
2172
1202
4943
952
5422
11012
6756
10017
9550
9052
10691
9450
2533
2789
2730
7464
3508
11199
10194
9132
7494
8821
7735
3153
9620
1480
5206
753
8172
964
10152
2416
9520
626
3343
10545
156
7796
5552
2969
9892
9175
2369
5717
5189
7526
461
8232
9714
8089
9825
4543
2557
9030
1606
630
418
8167
2690
7658
6021
8424
7255
5092
4381
1975
3945
10255
10025
8669
992
7653
6351
4944
1537
8524
7607
392
10458
628
1901
9579
7598
7694
8017
7085
11186
2501
5450
3524
9562
5553
9939
7216
3679
8977
10453
1663
269
5515
6193
4481
8535
9819
8304
6501
7747
5384
10915
11242
2566
2406
4270
6800
4950
902
171
5906
1089
1146
2009
7565
4242
3602
9455
3651
10881
10665
5561
9767
4339
7771
8682
10367
11290
8641
2077
7212
1670
7257
1785
7324
2204
8785
10632
6576
5433
11063
8105
6973
9481
5342
7836
3054
10878
4488
9233
11145
2062
7308
3515
8731
10379
9955
7520
10707
8104
3735
7479
10838
7874
5727
2187
11285
6712
10147
8665
1726
7940
1803
668
8701
4922
3458
5545
4045
4760
4150
9016
2798
10408
2485
6424
10637
2120
9172
489
3983
9097
10047
3899
10591
4156
2707
10620
10126
11349
3283
7432
4237
9072
9125
3405
3118
4169
1612
3064
7701
8793
281
840
862
6254
1981
6203
2916
8534
1546
6248
176
2226
4222
5414
5509
4051
6056
6310
6446
6482
3585
38
10723
10679
8253
9277
865
625
4331
514
8206
2766
10303
8190
8310
10629
8918
3689
4955
9384
11130
4116
6848
3476
6803
7561
10760
1394
11428
2025
7905
5945
5574
1931
693
7037
8195
9624
6025
5583
8028
10539
10218
9244
4053
8925
8557
8839
1754
2465
980
9610
8653
2875
5650
8438
5803
7942
5113
5618
10489
10731
8780
10100
6860
7570
11058
5603
10093
7439
3586
2011
8322
2388
8639
5150
7047
88
3875
8765
9696
1713
5673
6224
620
8583
10929
3994
9092
9542
8894
6953
2863
4224
7437
9356
8133
2759
570
5975
3423
11439
1406
9236
9772
8877
11518
5666
4776
7686
9648
6609
6529
10705
1168
9710
5079
357
9109
2108
2822
1269
4571
7560
4112
3511
1534
5460
1436
9491
6536
8690
6888
8974
10846
8170
516
6421
10773
1296
145
7712
7804
10851
250
4081
4461
9479
4539
5446
4701
11267
848
9653
9574
5825
5367
9332
6176
3309
1529
10454
9720
3034
5081
4631
9975
7425
1160
6085
5838
5478
11181
10395
3799
7613
10288
1056
1709
390
7738
9895
8117
8833
11085
10502
1771
3802
6641
10831
10888
10611
8109
5171
5136
1337
10884
8024
6326
10009
1576
9011
6032
1093
7555
5590
6168
7332
1790
2551
4472
567
4800
6345
4086
8616
187
4181
4064
4517
8159
10429
4603
10345
9977
10196
9612
8321
9146
5968
6094
8245
7763
5863
4599
11147
7572
5651
7657
1832
3751
9736
11068
6337
8420
5695
11477
4812
6317
3906
5475
6672
7130
101
4655
2874
5811
8439
6023
10919
4353
6347
5533
6836
4558
2450
7965
10749
612
9296
10388
202
10683
10977
3543
1375
3605
10338
5976
2337
6765
2105
5624
3763
3336
7522
3248
7490
7832
6620
1705
4464
3398
9678
329
1556
11516
1466
9243
7599
9761
3000
3119
10174
2452
9827
4295
534
7760
11274
7433
3547
5546
7869
2082
4549
10222
7643
10462
9961
5974
1385
9989
4630
11170
7898
8197
4493
564
5488
5473
4752
6427
1708
2412
838
8513
8979
4915
10440
6210
79
3734
227
700
5777
3137
5332
11378
8112
7988
3427
7947
5420
3308
6964
6259
7888
850
8886
2162
10207
2365
9145
3163
6220
10903
9508
787
3693
1264
8750
2127
10177
8168
448
9381
4855
2197
6251
4865
648
8860
5516
3666
8318
2066
2364
3356
90
8809
5135
2020
10876
3540
783
1230
4038
9253
5275
3231
172
9514
2144
2373
1831
1907
2673
9263
7110
4460
10666
3567
11108
11487
7597
9889
6730
8451
3594
3633
10020
1311
6503
745
7056
7967
504
3335
8516
6472
8699
8081
11117
6946
3935
3549
7833
2582
526
5294
9744
7129
4071
2281
2157
7587
4304
4909
3304
4332
2107
11322
8729
8646
1415
7976
11053
4426
10614
4057
7247
6399
8575
7545
6550
8849
11340
6343
4939
7209
10337
4524
7713
105
2271
5204
858
10359
6414
8569
306
11343
8562
8295
5736
4129
9019
6275
3673
2941
8713
6342
6557
3866
7132
9067
5641
8552
9615
7442
8368
3841
8797
9773
4588
8614
3379
8975
8048
1061
10292
3122
10625
5519
4437
11001
3307
8483
2773
1817
32
1880
7374
8778
8819
10490
3218
3457
6022
11152
5267
2444
1671
11254
4813
33
2648
2282
3334
4414
4146
9652
4485
3352
3187
2740
4826
3560
6596
103
10928
1954
6787
6914
8684
1368
7837
8744
10310
9667
5973
2550
1065
2457
3780
8012
256
8026
9965
1904
1127
3990
4892
8775
8385
10051
6272
4319
2589
6636
10027
9727
6139
4702
10123
7659
1523
1209
713
297
7113
841
1936
4027
5540
6086
2741
5960
4096
7876
9848
7715
10039
10844
1383
244
1413
989
588
3415
8355
1926
3146
8946
7465
4265
7977
8740
7635
4225
3587
4863
9171
10154
8958
1045
4468
9857
4744
1581
5839
3671
9478
1289
11112
7774
771
10478
3905
8626
4260
10778
10981
10939
10479
1257
8004
525
7644
7290
10113
4715
7618
6719
6683
11382
3450
4022
8769
7455
8037
2536
6992
7665
2940
8842
10226
7953
2312
4318
5042
3178
10971
7772
7606
5069
11014
8748
11018
4564
10761
8187
5959
7784
2200
11330
4430
4205
135
4711
10843
4312
11081
6890
7959
1881
3354
8509
5941
10102
7311
6242
8733
6274
4881
9429
7344
9204
4975
7902
6891
2414
1071
4052
9265
10476
884
721
10656
7370
3036
3469
6049
8072
8282
942
10129
7534
5715
5372
4929
8706
345
3177
11391
9038
4310
1675
4885
839
385
8889
11399
1554
4253
748
7162
1510
7723
9780
6384
1656
4003
2661
6661
5815
149
1067
492
976
9946
9753
7733
4190
3421
11226
2228
8096
10124
8636
1103
8263
6601
6925
7337
5015
3249
6140
11244
8940
5992
1451
10171
11010
3435
443
8244
5665
10999
8435
8214
546
6867
9110
11000
8465
2724
11278
6915
2986
11206
5041
7204
10746
1006
8006
3837
6432
7227
8053
4286
11029
2605
164
9485
1229
10365
1
10381
157
465
9735
3512
3773
5066
2468
11368
1328
2579
349
4105
3706
221
1834
6030
293
11427
8058
5923
11131
4677
1680
1344
151
7855
7422
1159
4510
9817
692
8862
2977
7000
8688
615
8950
2419
8522
7400
9221
5244
481
10469
9560
4980
7260
4499
11175
8615
10493
2944
987
4498
5905
4835
3558
8749
5305
10156
328
11476
8441
5405
1690
3752
2328
11258
7487
7514
2943
1770
6034
7842
10119
6276
2626
5622
6234
2924
7482
40
8040
9045
6978
8242
8305
7801
4245
2005
2272
2153
9992
5192
9875
2390
7472
11021
9938
6497
9925
2682
9395
9497
6531
555
6540
10250
9034
896
7973
8911
8431
6281
8269
2815
2142
2564
1841
3847
4725
4172
6462
7218
7076
7946
9776
1679
9403
4229
2629
3950
11426
6633
8600
542
9014
794
9770
1735
705
1316
730
1703
9721
9271
9778
9077
318
9983
5569
2832
7751
11492
394
9725
8320
3860
6469
9324
11060
5154
5808
4263
583
5395
10233
6268
2060
8442
9681
2323
6240
5324
7553
5907
1657
3170
7654
10509
3306
2332
8124
2829
7938
759
9933
253
2979
2547
4544
11436
10447
9842
375
1976
11069
5083
10779
10739
1751
7062
5667
5824
5140
10451
6528
8536
9922
9931
2383
10110
8760
4477
6710
4825
152
9298
4504
9568
9173
9368
4871
9988
9279
5868
9919
11469
6899
2841
4844
11007
5958
8125
4376
3254
712
1678
228
4434
1685
4613
11353
2635
9258
4218
1509
11124
3433
619
1493
4839
5692
9510
8638
5472
6302
6057
3708
8944
6083
9564
5231
81
2718
7317
11276
4513
2812
10411
4256
3363
163
11445
11485
8588
3616
3835
29
5830
499
8554
951
5785
7714
4443
10820
7746
3360
6612
10517
10180
5935
8463
7353
6507
2413
8645
8414
3533
2503
11404
7474
5010
209
9021
11489
10966
63
7473
10740
7221
455
5484
5718
1716
1114
6219
10010
7690
9528
5625
10254
11501
10852
6354
4580
8815
873
2404
8205
8960
10909
4068
11025
4456
687
1326
2171
10750
4501
9971
3967
10807
9312
8192
9800
3892
643
10127
2213
1871
5191
10368
10425
10108
5653
3611
3778
8249
9974
1738
9656
11129
7810
3730
4346
11406
10910
6791
8904
9004
5432
304
2415
3507
10627
822
6155
4793
3877
3816
6970
6403
6663
8444
9217
447
5873
8281
10202
8891
9039
4739
11483
9999
5872
8727
1686
7621
9288
8866
3798
5939
8738
9873
10034
1203
5218
2761
5210
4101
9943
236
4483
5889
8843
9355
9540
7463
8455
1371
6383
3347
9199
89
1443
7807
5289
874
4671
8319
4753
11430
6667
4144
4233
5321
6731
1993
1995
1633
3484
4450
6638
7552
10931
8592
527
6779
6400
654
4971
1290
5570
11224
9996
1178
536
3896
1825
8664
9627
2356
7157
7693
11196
2106
2267
8204
8119
11203
4570
8965
20
5334
9445
11162
4238
9646
10111
4257
8417
4385
5904
1410
9156
8300
10419
3826
8366
507
7656
3776
313
4449
1470
10343
6790
6340
11209
1396
5604
11282
7340
1024
9085
6537
6928
571
3868
9495
11421
2168
3577
5881
2110
4817
2994
10370
8587
4713
1452
248
4746
9131
5214
10500
7857
4954
2422
3461
10587
5331
4986
7143
853
2161
11506
7558
5008
11235
4106
266
6983
9839
9577
2845
7211
3711
9797
7269
4183
1945
9966
539
4847
2055
6490
9731
10603
10848
9427
6481
5280
7278
4326
633
11100
267
3265
7924
10955
8163
1376
7865
2230
7913
1324
6300
3293
8678
5807
9596
9834
9918
6588
5853
6602
6794
6303
10642
2827
7827
3661
7408
432
10953
10242
3412
2030
11329
1253
10325
10990
6319
4784
2746
1026
5747
6416
11017
11446
4435
3888
5216
5564
8146
6642
837
11163
268
6014
930
6348
8870
7206
1733
7065
174
3151
9371
4632
85
10699
3975
9286
8502
4967
1478
6164
10785
8788
7936
1893
10120
5635
7542
7981
8018
4494
10589
9787
10240
2176
6644
1313
11045
3472
9896
10457
3154
1073
1796
8314
4444
7034
9808
5678
2362
5909
7279
2186
9588
3536
2405
1646
126
8450
10653
7088
646
7244
4020
1852
1640
2449
6679
9257
7026
10049
8144
9055
4369
3485
2146
7593
9884
6020
6221
889
6824
5699
9434
6740
1259
10044
11273
4075
9254
7787
5146
11455
5541
2734
10560
9910
1341
9454
3420
9993
3157
10224
1411
4147
3116
6924
3321
9264
5969
2184
9394
1192
2804
10552
7401
2026
6201
985
9452
6289
1241
5152
372
8657
241
2432
1128
1049
2831
2925
2149
898
8689
5742
8710
1810
8790
1938
6863
9741
10604
6998
9174
854
3159
5093
8917
5528
4676
7689
9191
1830
10272
10732
1305
4982
1400
7299
1163
5272
3284
4910
10951
2164
10568
11216
8071
9239
3470
10770
9841
5745
4349
10507
9622
5518
6241
8703
2738
4681
6402
10512
5198
4754
4831
562
2817
11277
9121
10508
98
9723
5813
3534
6169
1694
3523
1378
3573
5797
10484
11161
8007
5771
5883
4992
8148
6805
8110
1577
8683
9308
1256
7755
2946
5149
9706
5822
314
3483
7544
2024
11509
2303
1100
2608
10962
6962
998
1601
4614
5180
3453
1780
11122
8162
114
10125
7619
6253
1027
1022
736
4502
10995
399
1758
3135
356
4211
7529
10159
6206
2616
3938
7636
8182
9700
6984
9486
7477
4194
11059
7154
8644
11488
9200
11088
11036
10048
9
8541
7627
8784
1315
3748
10353
9572
11365
4551
484
8220
10540
6586
1712
7300
11312
7072
7316
3510
9066
6940
3539
3148
2669
7306
1590
5186
2965
243
10858
3426
1915
3108
3825
10281
8837
3887
5027
8111
10657
11451
10758
6763
4627
6494
4772
7893
1090
5277
11038
10649
9283
4602
7845
10567
11091
384
3346
6845
5393
3936
8471
2915
3529
3640
10366
1548
3171
53
6577
6629
8327
10091
5804
11208
9890
624
9951
5908
3408
8922
947
9864
6055
7894
6931
182
4854
5764
4958
3007
8323
3781
8116
8580
2481
1533
1297
4993
9000
1609
8956
10166
2902
3648
5796
3613
6614
185
8031
9444
9135
5413
7757
10321
8380
5521
11261
3092
582
11164
3378
10495
4644
11403
2152
9637
4188
4874
1536
2179
6745
1775
8584
990
11327
5572
10369
371
3362
6035
6425
11507
3179
10398
11484
9348
9730
4055
1994
9851
779
7989
4021
5469
4559
3229
7007
11083
3575
9124
10311
9872
1957
6651
10825
272
7666
300
5493
6415
10752
8010
4747
1215
6100
10339
9272
804
10996
3495
1535
7010
6122
7734
9089
819
8896
3376
3329
6331
1404
999
9664
4088
10950
7349
2667
10088
10793
2933
10561
1928
9062
8781
4706
3619
2793
3667
6188
10192
5163
3552
3555
8500
11474
5103
8258
1766
6655
4132
6808
4251
4853
8379
180
9246
8443
5138
1148
8711
1977
4278
9548
9071
544
2779
2208
9118
11259
3566
3774
5366
10380
9932
2546
7826
11210
9837
3121
4536
1185
6555
453
7053
4782
3337
1112
9147
6911
5479
1238
6191
603
1487
9957
7873
7319
7748
60
5322
3974
4429
7705
2111
8880
2215
8262
1144
9068
6747
3660
1219
9465
10669
4920
4729
3821
7964
7483
7288
11444
10829
9189
7858
11141
1760
5371
1991
6692
74
7870
3290
1917
278
9228
4419
10883
8347
8782
2542
7052
8425
4175
6591
2905
1281
7013
5172
2353
7087
5212
9293
6082
1497
8704
3590
4187
3184
7986
1900
8555
4902
7512
7889
5381
7112
859
6314
3371
4991
6280
5609
6866
9592
8990
10031
10412
6857
1107
4520
9844
8001
2693
5284
9840
509
2887
5226
7443
1619
5399
11296
6502
11512
9565
5013
3168
2006
10639
6822
295
9438
1982
1989
8303
10186
9898
5987
5326
11256
10014
3824
3305
8093
8203
7124
9998
3987
10849
5792
1961
5616
9268
2291
3277
10998
4247
7015
9790
11120
6764
10527
5774
2033
7675
8477
627
3182
10008
4550
4794
3003
2464
9677
10046
9443
11222
10654
1650
5065
667
5663
3035
3741
11388
4345
10279
7457
23
10467
7688
4111
9316
6988
10
4249
352
6265
7111
4548
11375
11013
5938
5443
6593
10879
258
153
2913
11050
11279
4047
3428
7799
7073
9962
10443
5327
8389
690
5471
3631
192
1087
9313
1069
9534
4896
3096
11478
8273
4605
3918
7650
482
3311
4973
9474
10569
11101
3691
299
6688
8186
1262
1139
1162
7609
2017
10784
10802
5741
3902
4275
6199
5283
4301
3960
10505
3443
6917
6245
2360
4806
6713
4268
2671
5999
2612
8008
6873
6795
6640
671
7732
11266
2398
1126
11035
5864
1542
10916
10566
4841
7941
9634
11466
2095
6659
5684
5660
10142
4056
6831
7892
475
3757
1927
9114
4023
9033
2313
10334
4148
10546
9613
4354
9099
6146
6838
414
10393
636
3175
5954
1190
7721
3210
10592
2403
944
2283
2747
7045
10525
11519
8915
1932
4717
7095
9654
7305
10880
9020
8064
764
8388
10097
11359
2315
7768
4231
8694
5886
4998
790
4344
7208
2233
6952
4963
9397
3276
7930
6106
1814
4378
931
5601
1872
5847
10211
9832
10220
580
11044
4182
4935
3786
10610
9854
4911
1666
8095
3647
8718
1182
622
3302
3668
1673
9728
6959
9809
6388
1636
3623
3697
810
11076
1637
10933
1205
9835
7248
1849
9765
1873
10355
2891
5661
11360
240
541
6705
7303
10130
10060
7478
5436
383
9801
4079
8941
412
2284
6785
6792
2958
3039
2051
8995
2742
2615
9806
9210
2299
10789
7677
3897
10122
9973
6443
6621
9716
2870
5919
2881
2227
5915
1551
9994
9768
11479
6541
2079
710
6009
1602
4852
6488
3565
2764
9645
6233
8530
774
6295
10675
7372
3233
27
1145
5333
7577
8421
1197
5007
4996
2823
3627
9820
4957
1788
9701
10418
2850
7461
1345
498
10577
5382
4145
6375
10674
11016
4207
6739
4645
2755
3807
1475
10763
1990
512
3784
7588
5434
8627
8073
6706
31
3714
3991
618
10727
3439
6864
9489
11447
1424
398
10098
10774
1304
10815
11380
6211
5349
4193
5579
7945
8233
9812
6398
7199
6005
8632
7338
9850
8659
9144
6294
5137
3716
5581
8461
8611
2530
2056
5750
8141
3240
6987
1591
4143
7146
6812
2092
9157
41
3852
2935
9942
1293
2778
5117
6568
7814
5632
9187
9064
8621
7410
729
6793
10570
9666
5437
3760
6570
7025
1014
7459
10028
6853
6680
6059
5511
2735
3817
2376
1211
10304
6979
7099
4694
9642
8412
10721
5421
4859
8576
9162
5087
10158
9345
5882
8374
3105
10551
6858
723
10992
2646
10800
9901
4819
2606
9406
4134
6703
6583
10040
8470
3873
6872
4572
8961
788
5878
4486
770
733
4965
436
6668
11344
10217
1214
3147
5188
8219
10781
11155
7632
8329
1363
7754
3246
10823
4600
7652
3971
2173
8807
139
6131
1156
7120
5145
1941
3181
8057
3313
2316
1627
9193
3014
2099
2178
10420
8039
346
799
7345
1166
5178
2899
1935
5290
3583
5496
8640
8707
4098
6373
5095
6372
8009
3502
10791
4119
9762
2341
11166
9726
9469
10402
1460
11128
4697
11165
9226
10115
6832
5419
10282
7559
3389
5339
3280
7780
6007
2058
3809
9986
2141
9365
10231
1271
4861
3324
235
4716
2451
4118
5278
11153
4073
9040
1669
10057
1188
8757
10468
3783
9893
8354
3788
533
6919
6687
6287
7354
2799
11423
1180
4246
10660
4243
4809
7775
6138
746
10135
2182
7264
9417
4721
10868
10344
10144
11195
1051
4467
3909
9944
3189
10960
1909
5621
3603
8353
4842
1564
9824
5547
5925
4651
6834
2318
3091
689
4097
8440
6489
5201
1861
3041
11468
10083
832
1170
9816
5644
9214
10266
1674
6048
10901
4617
9777
7141
6573
5456
4577
3889
6239
7084
10874
7625
11434
10690
6850
7282
1239
5174
9347
7404
5260
2050
11037
5934
9743
2525
3943
8927
1207
2109
1050
6323
704
4033
6821
5211
188
4625
10628
3588
5233
8423
657
8825
2158
10842
11320
3749
7273
5791
8369
4756
10162
11390
8103
1319
10228
7860
5765
5464
3610
4688
6837
7527
1508
10065
377
1058
6599
2538
3377
374
1438
11099
7411
4661
10986
6157
10651
524
8662
6495
10600
10134
7259
10064
500
8210
9101
4395
11070
11248
1857
6304
6910
773
9084
1741
9402
10521
9941
8480
1048
2852
9215
866
6409
2346
6879
568
3698
10352
9870
5613
4988
3840
2195
8661
10518
983
409
4912
3107
4581
8899
2636
10206
1388
10576
5264
7441
7642
11223
7070
10251
4291
11194
10636
9798
10745
2072
1223
11137
8579
3521
10256
8551
8378
11497
6353
4322
1175
3663
6073
2065
397
8437
10911
7918
2808
7023
8030
6290
7142
1514
9607
3223
5866
8408
4470
9633
8382
10640
8705
2918
2806
7867
1593
11356
2657
2653
10473
1835
569
1876
8745
115
4281
5258
10487
761
9437
602
9663
560
3758
317
1965
10747
573
4299
834
3528
8328
9886
5118
10265
3601
5587
6089
3672
4475
8025
10865
5203
1291
9302
2959
10448
11079
3940
2641
2103
1435
10717
11289
6068
8609
4180
3084
7178
10042
10703
10269
8377
4758
2372
7626
8200
5245
6368
8079
7250
8686
4366
2917
2483
3861
8410
5642
4972
8945
146
10582
2154
10146
72
1695
10470
5766
9822
7285
3692
1748
5035
4566
212
4252
4066
3681
5004
11004
6394
7793
9507
7968
8288
9170
6957
2660
3447
6129
882
1750
388
7081
8635
7961
7484
3591
2394
8496
4515
1875
7563
815
5483
2074
7584
4749
9953
2985
4480
684
8070
5050
10689
6768
6484
9976
11173
5656
5073
11303
8236
11437
11227
3396
3059
1041
2580
1792
1562
4674
1579
3767
10945
3944
6145
7361
3900
8776
11459
8234
5105
2729
6392
725
7415
7362
5794
10377
8900
3165
9757
9331
1367
10798
8338
9322
11143
1097
8548
796
1895
1845
8165
2973
5662
3525
10989
3341
8478
7706
3022
762
413
2928
11113
1804
10908
8888
5452
7839
2956
1237
10225
11089
2076
9346
1620
3208
10692
1333
7725
2201
1206
10161
4741
3745
7003
6279
3344
4014
7540
4906
7493
8498
11416
4529
6760
8970
6090
554
960
10022
10432
5298
6346
469
3921
5687
6949
7901
7914
10330
2140
8092
4284
5502
10172
9163
5425
599
6178
8714
5725
5486
355
4541
1933
8674
2418
7844
2118
9354
9301
5224
2656
1468
861
2028
7667
11067
5585
3993
7718
2075
10598
11205
632
5072
5365
1138
4340
5177
2495
8582
3736
11231
2901
4665
6105
76
4165
1569
5094
2277
10968
4004
19
7843
531
9219
8949
463
10920
8000
9250
7118
9619
975
4708
11095
11064
9108
5831
9784
1778
1070
3836
9012
7507
8085
2064
7294
1278
11332
7185
1559
10711
3366
1555
229
8525
2670
6362
366
9426
6905
2400
8698
2556
1395
4059
10795
6993
9393
1574
5159
8988
9399
1463
1448
1763
4629
4348
11429
7042
9351
8855
8294
2614
522
9830
359
9611
11002
3948
6060
5064
9378
4077
10810
2719
8434
6467
2864
10756
1916
830
10189
7778
8469
10007
7245
5677
7175
2610
7535
4828
6829
6816
1952
1592
8002
10780
11411
7731
6884
7448
1870
10285
10461
1911
1797
4
4358
3956
10200
11157
10515
1538
7910
8158
8276
6316
5855
5556
10184
11462
7737
7169
8823
1561
7566
6743
5708
4956
2961
439
7152
1589
11072
4091
5328
1722
8449
450
8608
10481
3053
8858
1029
8874
9849
6499
6332
142
8202
10684
57
649
1998
10026
6255
5772
6944
8198
5664
3167
8501
2467
6070
5723
4879
285
3486
7420
5748
9722
10016
4628
4942
5193
459
8519
7834
11
3466
5402
2508
9963
9606
3212
11006
5593
9867
10170
8820
8816
9712
3881
8565
4616
9984
9405
4447
9609
7932
8185
2382
5429
836
11315
8317
4028
2499
10403
566
936
7498
3110
4620
1851
7164
8976
2165
738
7616
2275
4552
9232
2357
3012
2919
9831
1639
1823
10375
4323
623
11465
6896
1501
7121
4289
6819
2327
6589
3947
4209
3473
3530
3680
2442
6040
3646
5148
7029
8335
2037
5522
5126
7427
4240
4362
11011
5196
4382
11111
2027
1942
302
3300
937
5462
4350
11047
5559
521
2984
1350
6893
8426
254
1179
10241
2306
4720
2655
6565
8741
435
7373
9904
9408
11139
1091
7033
2720
2520
10934
7220
10114
3202
2014
6823
203
4359
2094
1077
2093
1992
5457
6118
11028
2962
11217
7424
8649
2506
958
3160
5426
6582
9703
2607
279
6975
695
3001
1228
8981
2260
8720
2212
3849
5400
4727
6158
1439
9069
6091
9673
5418
11457
2921
6441
2425
775
5143
8811
9715
11264
2699
520
2239
11168
7645
8909
2243
6109
10074
5451
7476
1373
513
3100
2256
7320
141
5002
8998
4054
2872
6981
7429
11471
9087
5654
5526
3589
8120
1821
2199
3023
10871
7841
6980
10794
6305
9198
4316
6471
184
9260
3424
10045
7440
9318
3933
11138
7462
655
8655
11410
5070
535
2715
4764
8630
6185
2818
2663
9981
4542
7980
11419
94
5549
5237
4258
5928
4272
10808
1725
720
10782
10941
10422
4907
50
2196
3206
11176
10937
3097
1299
5279
6374
9338
9159
8578
2931
11499
686
8553
2531
11503
1358
7231
2939
4801
8091
7510
2421
5714
9675
324
2396
11408
2568
750
9202
9631
3037
8023
6801
8921
9535
263
8129
5899
9433
1786
2070
10872
4633
9952
10407
5986
10925
8679
7103
4266
10736
5984
9650
2659
2498
8429
7134
10219
6231
9638
490
9911
802
4798
8454
4755
430
823
11294
1779
6162
11393
7426
1902
10733
10511
5132
5529
8215
6371
2585
275
803
8015
10713
11249
5153
5247
9623
11464
3369
3127
1802
3769
1525
6360
8050
1866
6578
11238
10812
855
9083
5598
10378
9908
6968
1481
9416
2586
3222
3677
11030
5631
5287
7766
5517
7107
5875
7123
2134
2639
350
9278
8531
10833
8351
1578
336
222
4230
1571
2417
9990
271
1391
4726
8916
2696
9006
11026
1409
1046
6442
1317
6114
9883
5582
10198
4646
9899
10854
10099
593
9029
7569
10346
5530
4264
9468
8027
5920
9208
2820
1434
1306
10969
8751
7237
7258
5918
10316
5463
1842
4259
11202
6207
10904
5016
2849
1885
2541
5658
1343
4840
7388
3295
3416
11311
8840
10499
7605
6868
4330
1194
10959
1996
3570
801
9794
2071
3939
10680
5207
7281
505
10371
10762
7575
5487
6102
1794
10229
8491
2709
6370
8066
6907
6247
11334
5562
3296
6028
2001
2409
5477
9945
10090
8264
8184
2159
10581
4123
6887
711
8042
8392
3891
6076
2238
10257
1004
1557
927
7444
6965
3241
8247
6709
11188
11405
7502
950
6054
9980
224
9982
2828
1270
10985
5352
10239
11247
3150
7595
3046
6357
1597
1956
8668
1960
665
5911
11511
3514
659
4011
11270
559
868
3686
4849
3924
2436
3142
6846
8255
9979
1336
4748
6535
3278
5058
11094
10574
4130
7105
3810
8518
6852
682
4313
3038
6958
10191
5929
6898
4561
5197
6390
3188
3381
3942
8879
8561
11331
252
10948
3251
11251
10644
1432
276
6977
2647
6755
5236
1176
3914
5555
6901
3129
5039
8334
8779
724
9516
2150
284
7196
2469
5996
7927
4137
2480
5410
5558
1402
3970
11517
4650
8774
1034
9010
150
1031
9680
6697
5075
3454
4273
2980
6733
7409
3609
10413
5301
7145
1308
5890
9521
10571
1140
1158
9818
3404
4803
11148
9524
3568
291
2032
2665
6377
381
5891
1039
2512
5269
1010
7875
843
10386
4503
309
6498
1813
5700
3696
2717
3479
2598
8660
11376
2135
9517
3264
2435
2869
517
10753
10001
3478
8179
1417
1349
4401
9545
2336
1080
538
3338
5383
8267
529
2387
5647
7661
5173
10738
1846
1502
54
10704
7304
9235
6236
2686
10463
984
9803
5360
2689
2664
1244
9238
2753
10190
3375
9350
8942
8080
5489
1132
8755
835
8115
11317
6079
6423
6670
1325
5282
6769
428
5758
7201
7795
8730
4061
10775
8545
4082
1985
11370
8801
3804
1734
7492
1386
2791
6590
8938
10055
2084
2938
5503
1110
9868
7831
1882
2258
1730
4371
1213
10259
8928
7358
9914
7881
46
8349
1164
2937
8859
2960
5494
2445
926
8472
7414
5344
7532
7166
9826
2855
5235
2268
7265
5842
8284
7217
5942
6648
879
3968
1654
11140
230
10133
4734
959
4267
5359
10160
6869
8316
6
3910
10624
5241
274
5208
4269
8585
7982
1321
1379
715
7744
8791
2274
7348
11189
5480
2427
9105
1648
486
11034
6932
6125
2358
6283
5098
8929
3437
10138
4808
1465
10277
10319
3618
4724
6175
10907
8773
2202
4530
2574
2904
9690
5848
11262
6632
3926
9185
4311
9571
5659
946
1532
1414
11179
4937
501
7596
10590
3010
7436
1860
334
8573
8191
5836
9711
44
4898
9413
7554
4026
1490
3120
26
3325
1853
757
10547
1141
6063
11104
11297
10607
7603
10004
9364
752
3842
1193
4400
10243
5780
2760
10979
6865
5657
10498
9344
6799
5229
3194
1274
597
234
2509
7906
3382
6046
2253
5680
9130
3737
10197
8466
7114
6153
7785
1583
5801
7610
5398
3058
3410
8161
1543
1558
15
8813
9041
9891
452
3957
7359
10482
587
3282
9739
11062
8685
2813
6318
5755
4653
1693
1521
2148
1539
5271
5448
2347
2584
10096
2145
10445
4634
10151
277
10743
8920
10232
906
608
462
7672
728
718
5246
5351
9026
8804
5036
4019
4933
6847
3637
331
3520
9294
991
5721
765
264
6922
10658
563
6147
8487
8174
4126
10309
10387
795
4546
2289
1888
6650
8407
6033
10431
6859
1232
2221
8330
6532
11490
7297
9111
4244
10973
1187
1649
9337
6177
2166
7530
2914
5814
10734
2695
2784
2599
4356
4733
5114
108
9112
11302
2992
5310
2934
8671
7949
1277
4329
6775
5749
9287
5435
10167
7252
10890
8693
11381
9025
9876
11265
6381
9665
10987
7513
10376
3719
9669
11422
8059
6292
8143
8943
128
18
6598
10283
5933
10141
10796
10719
10449
1665
8620
9094
3649
8280
1000
1987
4431
5316
1486
3635
5458
7314
2909
6652
2981
7108
9420
3872
6851
5961
