343
1177
1649
92
550
1751
1044
208
1463
2178
681
48
1172
834
1789
2770
2033
2039
423
651
865
2063
1774
1918
2340
2734
2348
2766
1499
892
219
171
2226
1447
600
1697
975
1554
2521
1481
7
1383
2243
1162
553
2533
1792
2447
1266
2718
1935
2070
182
21
1371
611
56
565
2193
503
1533
609
1645
1592
2235
1315
2674
1526
2013
2593
2697
517
1473
1502
1600
1257
1718
934
747
438
740
89
2313
748
1798
2289
1631
2032
2603
1680
1602
1199
787
1580
2749
2421
2847
788
2442
417
2750
1346
2299
1126
1117
2153
1063
2185
2030
699
1819
430
685
1166
1583
2068
2105
1599
186
207
1464
627
97
1446
451
1034
1581
1950
158
1501
2617
1758
1917
712
416
1806
1282
2571
1027
714
1849
926
1557
555
1173
2272
964
316
1381
2592
2669
1509
2647
2446
1888
910
209
2663
162
2460
1281
617
579
122
1984
2056
2401
178
1053
1572
1519
727
2072
1575
2703
1401
2454
564
1138
2515
1691
338
2572
176
435
2307
2011
2218
2388
1345
768
1715
426
1390
1830
1713
2108
1389
913
2820
2782
927
1207
1825
2146
433
1527
534
211
1648
2785
2550
2628
2688
1280
1418
2048
1627
2696
1328
1594
1652
1336
1657
1052
769
2305
2162
2073
680
2621
2057
2365
2404
1404
1913
1948
2827
792
52
718
312
1391
623
2627
2475
2557
173
820
64
2170
28
584
1403
143
2607
2306
2249
2363
2731
255
386
962
1339
2110
266
1322
1574
2351
129
1278
1185
2071
1972
2292
589
2456
2565
116
2229
2588
1735
2511
2783
167
1635
2732
1492
346
1216
1224
2111
1534
1598
1286
2094
1459
152
1130
1368
159
354
1392
936
2548
493
2424
2390
615
1153
2655
1893
2338
1309
2692
221
2337
715
905
41
1109
1995
117
464
870
1007
51
2214
508
679
2095
1766
914
811
2028
1874
1
606
2714
2599
2181
1450
33
717
81
2173
2837
805
306
1146
1249
978
2409
2632
1077
543
1536
762
1684
752
551
1590
1330
604
2544
955
2297
2270
375
739
2549
1062
446
1543
124
404
2113
2538
2400
1455
621
1122
953
2004
1225
206
1843
144
1551
2630
2149
1419
1333
1308
1573
1701
356
418
2147
2049
1154
1993
744
484
44
549
17
706
2079
1335
1169
1337
1465
1989
800
2694
2148
1223
2520
2448
2452
2706
2806
1017
2000
1959
2668
799
596
1772
2686
2679
1824
2194
1710
299
666
243
1471
760
2037
562
672
444
505
1611
229
59
2121
1915
1045
2772
1971
500
1382
1757
329
590
1949
1644
1430
2191
1470
2543
825
2199
1940
2726
2877
819
1258
2670
2380
2267
2036
1084
2324
524
569
1861
1957
2333
149
1719
2430
2471
1364
907
658
879
1660
1157
1748
946
215
1685
2397
2098
1514
773
1854
1156
2678
499
1037
2589
836
269
1039
1480
2123
683
557
654
2415
1026
1916
1433
2518
2197
372
2730
95
1726
1623
988
893
1852
632
2747
2879
1698
2869
802
1091
57
302
2441
1531
1067
2822
575
2092
1902
403
2284
256
1671
724
2698
1495
2465
2864
2354
2308
1135
965
295
2639
994
981
2695
2344
2396
1855
1318
1101
810
1484
1200
1321
172
2784
1939
1561
1379
1770
1732
471
2472
2329
899
253
197
1241
1850
111
789
1181
2740
817
1273
202
1066
2416
2001
1083
753
1777
1818
1384
415
293
686
529
195
1860
2517
502
974
11
1593
501
513
2109
924
736
83
2156
2457
842
2816
2347
1417
130
2534
373
279
1747
1629
288
2088
2429
1953
318
1606
1765
2182
963
1396
139
258
397
898
347
2491
214
2562
1966
1244
1689
1771
1033
449
1785
2829
1846
2325
2502
1228
1990
1910
1118
2570
1359
1493
1356
2184
1425
2580
1209
1416
1086
260
1329
2804
2419
174
1537
687
933
2463
1411
210
398
334
345
1828
2716
2231
781
301
2594
923
2474
358
1357
726
224
996
2681
989
1546
1415
831
2393
1992
4
1797
2710
163
894
1196
874
1851
2666
2825
232
1567
675
511
262
156
2542
839
2683
251
2022
2504
2203
26
1057
2597
588
707
363
759
1358
425
570
2709
1466
2708
2751
1400
1414
1410
1582
919
2025
1361
1271
888
2117
1487
1468
1891
1866
1114
1812
2418
1944
2300
2322
1004
475
1344
972
405
1482
30
1705
1967
1393
126
871
1520
2061
2141
1080
960
1979
2387
757
2581
1773
2758
1981
986
1779
12
1259
2112
2516
1733
2791
1158
767
1192
655
2411
2019
31
1008
1682
237
36
1780
323
2700
2622
2269
468
2064
2135
1035
1677
1632
1823
1814
2702
2223
1305
2016
1184
2377
1542
2535
1500
2755
205
2530
2266
532
2792
1048
480
353
296
896
2526
225
853
2293
1619
119
1665
2567
263
307
809
100
2041
1408
1406
1596
1189
147
265
137
2527
1293
1078
1863
999
103
2275
1927
1553
1548
2339
554
2212
469
1675
1930
46
2282
2189
1941
1264
1274
601
1385
2855
1129
1142
1178
506
1505
2499
2026
2861
1622
1121
1934
2563
2445
86
1194
434
1528
917
1878
1868
2357
1704
806
135
1131
2093
1263
954
2824
331
2503
875
1820
2514
2598
793
713
2626
2378
1624
829
1201
1112
2610
1149
2781
2637
1494
1015
462
276
1980
1667
364
304
1865
94
2241
18
213
2771
1365
154
1059
96
984
2573
1331
1449
1985
1041
1588
1614
2395
985
520
2245
2713
2254
1087
2376
40
2002
2405
2116
1055
2175
2486
2165
1227
1354
327
261
1496
199
2616
2763
1540
1180
250
1977
1089
1782
1288
886
305
194
317
835
591
333
1314
2777
1741
1986
2312
2407
2754
2172
2614
2341
281
950
1703
1302
2851
1442
2358
1924
1834
911
270
1933
626
1343
1558
1148
357
1378
2450
325
1522
542
2656
2780
2478
1870
2459
883
1423
185
694
169
1654
298
850
2436
2219
2828
1220
390
2321
181
443
2473
2426
1928
1601
2762
2461
2316
2547
624
1840
2332
1707
1265
1756
1452
393
145
610
2722
1516
1456
2528
1962
1270
1399
1815
711
1164
50
539
2145
128
249
920
2600
1783
35
1847
2629
1254
2190
1139
294
179
1061
2343
644
328
1105
2633
1724
1296
337
1737
2352
380
1538
2058
1018
2672
151
1387
634
362
2794
244
408
2152
1079
2455
1198
821
447
697
1327
47
735
620
1958
8
2264
1723
1778
481
851
2501
1145
745
803
1380
2052
786
1541
612
394
1914
456
938
1842
2238
1325
1897
2779
1412
2466
1046
1238
1340
1793
1983
140
2624
1488
396
1515
2773
1633
1911
2413
2787
1070
525
2271
2410
662
937
1709
231
1925
1856
2480
2737
300
959
746
1641
1060
155
2246
2233
104
43
1974
1795
2494
240
1699
2830
704
629
2875
1277
2167
2005
630
1555
900
2210
379
1168
1693
402
816
297
2826
1740
578
1835
1058
1011
858
2553
2179
2873
2014
1853
284
201
2279
2835
663
1728
2842
602
750
1489
2506
638
2196
2857
1467
691
1347
247
1065
2276
1994
1306
2239
1869
2680
2177
1106
313
1069
303
2217
1839
2142
330
2867
2053
1653
719
2512
2790
2078
2483
2493
2560
1003
2529
1943
690
336
79
559
784
977
1203
2690
2719
581
2840
63
595
2089
1552
1028
643
843
1889
641
200
523
728
2812
2060
515
684
1469
1507
2195
2166
272
1317
2422
1016
2154
2069
846
2309
2608
2234
2831
1640
1512
257
203
2251
120
1161
2198
1566
993
190
657
1761
472
1702
667
235
1639
2157
2066
1320
2513
1752
66
1022
2800
2745
2330
2720
639
153
2775
2834
1024
1451
2767
2765
2845
536
695
1669
1324
2183
1441
1706
2221
1432
940
1907
2856
1838
2558
2256
826
2081
1165
824
855
881
567
2507
2160
1894
1739
755
2657
1562
1454
533
1664
381
1095
494
2810
476
385
2505
1362
577
54
2796
384
1921
1643
1073
640
1485
1634
1297
995
2075
1120
1290
2619
2314
71
1397
2625
1896
2386
2620
2725
2067
2140
958
1617
445
2590
82
485
77
1610
1875
1970
1968
2559
947
2163
783
1072
1784
2662
1074
2660
2807
1978
1746
1837
474
2301
2642
1673
454
2255
2715
944
1609
2059
2586
979
113
2498
1991
1313
2024
1576
490
141
925
2638
2215
2519
2838
2490
421
1885
1884
586
1892
1486
1295
2748
535
1887
1127
668
1163
2738
1873
392
6
1440
1963
1298
1547
2331
1174
1242
2427
2677
1349
749
2136
2204
314
1176
1338
1444
1688
24
2649
2392
2705
731
2707
2724
2848
1932
682
2489
1439
2012
1187
2522
2043
887
2613
230
2236
2086
234
2470
710
16
1023
461
183
2021
880
321
99
951
2643
648
568
1956
758
2101
1250
2168
1402
2054
1443
540
283
510
2159
1801
656
409
772
1744
631
2260
267
928
815
2635
2451
360
420
1262
2689
2259
2443
2295
1700
2644
1900
2326
1000
112
2040
2090
526
2788
808
514
857
1248
992
2129
967
495
1511
2675
110
1217
2296
49
2188
1218
701
530
2606
38
867
76
737
248
2814
1301
1731
1727
2294
1805
1637
2435
725
1845
1428
1311
2566
2394
943
2389
14
2138
74
349
1569
1563
161
2492
721
2213
132
770
1348
1668
1210
2654
2819
971
2137
2682
673
2029
2795
2285
2047
1170
1722
518
1982
2336
1549
2283
635
528
1672
254
1269
1413
608
1597
813
884
901
504
1513
1498
2253
440
1901
1736
2366
763
29
519
1001
1267
2382
2778
2583
777
2120
968
453
2601
548
1826
2080
764
2359
1955
2769
2760
2524
1604
164
780
1899
9
832
2180
929
442
370
766
1206
134
2817
401
674
688
285
1808
2164
1351
1730
2752
1651
2661
1038
1215
2428
1646
431
1050
1743
1245
973
2803
987
1175
2723
39
85
1213
2192
1742
1475
67
1960
2373
1942
2046
939
2009
2813
2631
935
2612
1438
512
2728
1230
55
2065
1587
1372
61
58
138
647
1276
618
696
545
1490
98
2143
2433
665
1460
2604
1352
970
389
1398
412
804
1323
2171
1155
1879
2082
801
2555
572
1717
1341
652
2833
2414
90
660
614
2733
649
756
2224
761
2050
1268
2114
1890
861
2596
2458
2125
2265
593
1755
903
798
1787
2209
2508
2150
2496
702
1670
22
2018
1476
1833
2311
2584
922
2576
473
1816
68
537
1032
2425
1909
2595
1237
2615
429
2634
582
1678
88
2291
2006
482
1370
1829
2250
1020
650
160
2228
1518
2467
1764
2384
2539
1147
2449
1222
1006
131
2280
1472
114
75
1304
1750
2839
1690
2434
287
961
2743
895
1759
1457
441
123
2684
930
10
2087
1708
439
1961
371
105
1926
1647
1291
374
1377
2044
693
2574
376
2823
2211
705
646
2646
180
37
852
1036
268
3
2468
1945
2031
2431
1104
308
1246
2310
42
1448
1676
1810
168
2128
566
1310
340
1132
1775
428
2200
1817
2509
1794
573
2701
1303
2648
2346
2423
969
2870
2355
885
1307
1088
166
2485
1094
84
2122
1128
236
592
779
1284
2650
708
2850
175
2208
1047
177
2636
976
424
1375
1636
1342
2096
2462
2035
2298
280
2585
670
289
2119
538
1679
1683
1395
1143
2327
1650
217
335
2034
410
359
1504
2115
841
2575
516
2133
1529
315
859
1506
2488
2257
1804
1605
2437
1009
290
2464
491
599
1251
2699
2432
2756
1929
2605
1721
2815
941
73
807
689
1071
1524
2315
2554
286
2871
2244
2287
2611
2469
1692
2691
477
87
580
2288
1781
1862
1821
1987
2268
1532
2240
1334
1998
2169
1550
945
1152
2124
669
2693
2130
1996
2735
1294
2645
13
2303
1919
1253
2015
1661
2482
869
2561
2487
876
2118
1186
2
1212
1859
661
642
1997
743
271
2107
2304
2761
1510
2007
1477
1615
863
1434
2711
1312
902
2868
1110
107
62
406
2793
1662
2602
561
1877
1421
2391
1630
990
2205
2768
1578
1946
2174
1858
2546
411
1247
1182
344
2774
460
32
400
1100
1197
2537
1386
889
1234
2865
1191
361
184
864
220
326
587
366
2764
1813
983
1116
1183
778
2371
2361
2139
2836
414
1975
2402
2849
2481
2010
1115
2318
619
918
2062
915
597
921
1195
1938
1369
797
2334
2799
2876
496
187
1474
53
2077
1811
2230
509
1190
1745
1167
2510
1075
193
653
1405
2500
1049
437
1299
498
2353
2042
583
2091
598
2076
2020
904
1010
1711
2202
732
2370
1836
2497
1607
1012
1585
1483
341
1160
1530
2345
2858
1243
413
1429
522
2841
2360
1876
2369
1844
1790
2350
1332
1628
2866
292
1867
1420
1666
1802
2878
2651
2144
2317
127
1458
2540
818
1422
2290
1256
1508
1204
897
2102
1936
245
2808
2045
1571
1208
1478
2809
2055
1014
102
1373
198
1954
840
2623
1108
1613
492
2805
795
1214
2552
2083
574
2328
849
1453
264
450
628
1076
395
1093
1796
738
466
2206
463
282
1729
2176
2545
1559
2609
1064
378
1219
2453
2556
948
1754
382
2786
552
1436
368
645
827
1871
563
322
242
1608
1720
487
966
2406
2853
560
942
1760
146
814
2232
419
60
622
101
1951
1096
1300
790
633
1570
521
136
556
998
1674
1881
2103
541
527
2439
605
2367
1769
2362
1595
997
1137
2398
2852
342
2420
1292
2484
273
1113
1150
1188
170
1144
191
216
2753
1612
1388
2220
252
422
1479
1056
1895
2476
1734
1133
2335
1140
2564
377
1809
407
1767
388
115
585
1031
1082
1231
2832
1800
2712
2408
1565
2186
1124
351
2579
1363
383
1803
2237
2374
1584
2776
1904
1211
1013
1102
2495
1107
133
2085
2582
2258
1776
982
436
1659
603
1134
952
1431
546
751
678
1620
2368
1374
1621
1261
1051
1539
2652
1976
616
531
956
399
448
1591
720
576
1923
1025
1523
854
1788
2207
791
1279
2385
1283
34
70
489
1791
765
2744
1905
1912
1560
1535
866
2844
2862
2704
1725
1521
882
2379
106
2821
2104
723
148
2874
1822
1716
796
916
2100
1880
238
906
2364
2074
1564
1920
1626
2653
478
465
2640
291
350
355
1832
1099
771
1021
2252
1903
847
1042
1040
1193
2843
142
1799
218
1275
1908
2854
2587
2667
1625
2863
157
2131
2685
700
676
2859
339
2671
352
742
1316
2263
2027
2161
222
1289
239
1239
2797
1931
1579
2444
775
1229
2440
2746
2356
2127
547
457
830
868
223
78
1618
2023
45
782
1886
558
2742
2818
2673
212
2860
458
2665
1586
311
1937
2097
2099
730
20
1098
1103
677
2789
118
1577
1029
427
1376
1922
594
1030
1655
275
1005
1898
2578
348
1686
479
1656
1151
722
872
729
150
1988
2155
25
1179
1658
2008
1081
2551
2151
1763
455
607
72
1768
823
833
2242
483
1753
1437
1545
2591
2659
1326
2736
2274
2349
497
2017
1786
873
571
2569
2403
2536
1525
1221
2106
664
309
1749
1445
2541
1568
27
2741
844
488
1235
2286
2132
1738
2532
912
838
1159
459
1687
703
2323
1367
1205
278
2134
637
2399
613
2225
1848
320
2759
109
1872
2618
794
1111
1366
165
15
1232
845
1427
2342
2383
1090
709
233
19
754
2727
125
2248
204
2739
2084
1831
1864
226
2417
324
1125
671
1491
860
1068
2158
991
1999
1663
2687
1973
1681
69
1503
188
837
908
2658
246
2525
470
2412
931
2479
2216
367
1043
2717
2381
2003
2798
80
1696
2222
192
1461
2261
2811
228
1019
1236
1435
1556
932
1002
310
1544
1462
1226
2281
108
2227
2872
2438
1947
2051
1762
259
776
387
507
467
93
1409
1807
1054
1202
1141
822
698
734
1841
1517
1714
2802
91
733
2372
957
196
1394
2801
544
391
2320
625
2126
890
2277
909
1119
1965
1319
1240
2038
1353
2676
2531
1426
1882
1287
332
1097
2201
486
716
365
1827
2721
741
1123
659
274
23
2641
1136
1642
2247
1260
1952
1407
1424
862
848
2846
828
1969
812
774
2577
277
785
2278
1092
692
5
241
636
1085
1497
2319
2262
1695
2523
2375
1616
2729
2664
2568
1694
1171
452
891
1252
2187
189
121
980
2757
1589
1906
1360
319
1638
1857
1603
1964
369
1883
1355
856
1712
65
2302
1272
227
1285
3
1
1
1
1
4
4
3
2
0
